Date,Adj Close,Close,High,Low,Open,Volume
2001-01-31,1016.48095703125,1470.0,1540.0,1470.0,1540.0,7300
2001-02-01,912.7581176757812,1320.0,1410.0,1310.0,1410.0,9300
2001-02-02,878.8751831054688,1271.0,1325.0,1261.0,1325.0,13000
2001-02-05,912.7581176757812,1320.0,1320.0,1295.0,1295.0,7900
2001-02-06,916.2157592773438,1325.0,1345.0,1300.0,1300.0,8300
2001-02-07,885.0989379882812,1280.0,1320.0,1260.0,1320.0,13700
2001-02-08,857.4391479492188,1240.0,1290.0,1230.0,1290.0,5300
2001-02-09,836.0032958984375,1209.0,1220.0,1209.0,1210.0,6300
2001-02-12,836.0032958984375,1209.0,1209.0,1209.0,1209.0,0
2001-02-13,830.4716186523438,1201.0,1230.0,1201.0,1230.0,5000
2001-02-14,802.12060546875,1160.0,1210.0,1160.0,1201.0,6800
2001-02-15,831.8546142578125,1203.0,1248.0,1190.0,1190.0,10700
2001-02-16,898.9281616210938,1300.0,1300.0,1220.0,1230.0,3900
2001-02-19,850.5245971679688,1230.0,1290.0,1230.0,1280.0,1300
2001-02-20,864.3541870117188,1250.0,1250.0,1210.0,1230.0,6300
2001-02-21,1002.65087890625,1450.0,1450.0,1370.0,1390.0,54700
2001-02-22,1023.3953247070312,1480.0,1500.0,1390.0,1440.0,23500
2001-02-23,1002.65087890625,1450.0,1460.0,1420.0,1420.0,12100
2001-02-26,1002.65087890625,1450.0,1460.0,1410.0,1460.0,9000
2001-02-27,978.4491577148438,1415.0,1435.0,1410.0,1412.0,17900
2001-02-28,1009.5658569335938,1460.0,1460.0,1355.0,1355.0,81200
2001-03-01,936.9599609375,1355.0,1400.0,1355.0,1400.0,16000
2001-03-02,912.7581176757812,1320.0,1334.0,1278.0,1322.0,10800
2001-03-05,880.2584838867188,1273.0,1309.0,1272.0,1309.0,6400
2001-03-06,857.4391479492188,1240.0,1251.0,1202.0,1233.0,31000
2001-03-07,857.4391479492188,1240.0,1270.0,1224.0,1270.0,10100
2001-03-08,867.8113403320312,1255.0,1295.0,1241.0,1241.0,4100
2001-03-09,865.0457153320312,1251.0,1300.0,1250.0,1300.0,24500
2001-03-12,865.0457153320312,1251.0,1271.0,1251.0,1271.0,6800
2001-03-13,833.2374267578125,1205.0,1249.0,1201.0,1249.0,6300
2001-03-14,833.2374267578125,1205.0,1205.0,1205.0,1205.0,0
2001-03-15,829.7799682617188,1200.0,1200.0,1150.0,1190.0,2900
2001-03-16,799.3548583984375,1156.0,1231.0,1150.0,1181.0,30900
2001-03-19,815.9502563476562,1180.0,1181.0,1168.0,1180.0,8600
2001-03-20,815.9502563476562,1180.0,1180.0,1180.0,1180.0,0
2001-03-21,833.2374267578125,1205.0,1229.0,1156.0,1180.0,10200
2001-03-22,836.6950073242188,1210.0,1218.0,1204.0,1205.0,16800
2001-03-23,939.034423828125,1358.0,1360.0,1240.0,1250.0,18300
2001-03-26,940.4176635742188,1360.0,1360.0,1290.0,1358.0,11800
2001-03-27,902.2452392578125,1300.0,1354.0,1299.0,1353.0,5800
2001-03-28,887.6708374023438,1279.0,1300.0,1240.0,1300.0,8600
2001-03-29,860.6031494140625,1240.0,1265.0,1240.0,1265.0,5500
2001-03-30,850.193115234375,1225.0,1240.0,1225.0,1239.0,4800
2001-04-02,850.193115234375,1225.0,1225.0,1200.0,1205.0,6400
2001-04-03,826.5957641601562,1191.0,1225.0,1183.0,1225.0,15200
2001-04-04,853.6630249023438,1230.0,1248.0,1180.0,1196.0,6500
2001-04-05,867.543701171875,1250.0,1250.0,1210.0,1250.0,2800
2001-04-06,874.4840087890625,1260.0,1300.0,1241.0,1290.0,6800
2001-04-09,855.051025390625,1232.0,1295.0,1232.0,1290.0,3000
2001-04-10,857.1329956054688,1235.0,1273.0,1230.0,1273.0,5400
2001-04-11,873.7903442382812,1259.0,1259.0,1220.0,1235.0,2200
2001-04-12,853.6630249023438,1230.0,1259.0,1230.0,1259.0,2900
2001-04-13,856.439208984375,1234.0,1234.0,1227.0,1232.0,3600
2001-04-16,855.7449951171875,1233.0,1235.0,1231.0,1231.0,3200
2001-04-17,860.6031494140625,1240.0,1250.0,1225.0,1250.0,1700
2001-04-18,853.6630249023438,1230.0,1260.0,1225.0,1260.0,12500
2001-04-19,866.8497924804688,1249.0,1270.0,1249.0,1250.0,4800
2001-04-20,857.1329956054688,1235.0,1255.0,1228.0,1250.0,15100
2001-04-23,838.3941650390625,1208.0,1250.0,1180.0,1230.0,22400
2001-04-24,836.31201171875,1205.0,1213.0,1180.0,1210.0,4600
2001-04-25,823.12548828125,1186.0,1213.0,1186.0,1211.0,8600
2001-04-26,823.12548828125,1186.0,1213.0,1186.0,1211.0,8600
2001-04-27,852.968994140625,1229.0,1231.0,1200.0,1200.0,7800
2001-04-30,852.968994140625,1229.0,1229.0,1229.0,1229.0,0
2001-05-01,884.2005004882812,1274.0,1280.0,1230.0,1230.0,9500
2001-05-02,871.013671875,1255.0,1280.0,1230.0,1280.0,15400
2001-05-03,871.013671875,1255.0,1255.0,1255.0,1255.0,0
2001-05-04,871.013671875,1255.0,1255.0,1255.0,1255.0,0
2001-05-07,884.2005004882812,1274.0,1275.0,1256.0,1275.0,79
2001-05-08,936.9472045898438,1350.0,1350.0,1280.0,1294.0,300
2001-05-09,936.9472045898438,1350.0,1360.0,1309.0,1360.0,200
2001-05-10,933.47705078125,1345.0,1370.0,1300.0,1350.0,100
2001-05-11,912.6558837890625,1315.0,1345.0,1315.0,1325.0,29
2001-05-14,898.7752075195312,1295.0,1300.0,1280.0,1280.0,64
2001-05-15,901.551513671875,1299.0,1315.0,1291.0,1315.0,4900
2001-05-16,888.364990234375,1280.0,1310.0,1280.0,1298.0,4000
2001-05-17,891.8349609375,1285.0,1299.0,1270.0,1282.0,5200
2001-05-18,882.1182250976562,1271.0,1285.0,1261.0,1282.0,5900
2001-05-21,901.551513671875,1299.0,1300.0,1275.0,1275.0,5400
2001-05-22,885.5888671875,1276.0,1310.0,1275.0,1310.0,8500
2001-05-23,894.6110229492188,1289.0,1295.0,1280.0,1290.0,12300
2001-05-24,853.6630249023438,1230.0,1275.0,1230.0,1275.0,10300
2001-05-25,857.8272705078125,1236.0,1289.0,1230.0,1250.0,13400
2001-05-28,877.9544067382812,1265.0,1268.0,1265.0,1268.0,1100
2001-05-29,860.6031494140625,1240.0,1265.0,1240.0,1265.0,5800
2001-05-30,860.6031494140625,1240.0,1265.0,1210.0,1260.0,8500
2001-05-31,841.8644409179688,1213.0,1240.0,1213.0,1240.0,2300
2001-06-01,866.8497924804688,1249.0,1264.0,1223.0,1223.0,1900
2001-06-04,841.8644409179688,1213.0,1251.0,1212.0,1250.0,5900
2001-06-05,853.6630249023438,1230.0,1249.0,1220.0,1249.0,1200
2001-06-06,846.7227783203125,1220.0,1230.0,1216.0,1221.0,2000
2001-06-07,846.02880859375,1219.0,1220.0,1214.0,1220.0,2100
2001-06-08,853.6630249023438,1230.0,1279.0,1220.0,1279.0,23400
2001-06-11,852.968994140625,1229.0,1230.0,1220.0,1230.0,1300
2001-06-12,839.7825317382812,1210.0,1222.0,1209.0,1222.0,5400
2001-06-13,826.5957641601562,1191.0,1202.0,1190.0,1202.0,8300
2001-06-14,867.543701171875,1250.0,1250.0,1190.0,1219.0,8100
2001-06-15,825.9017944335938,1190.0,1243.0,1190.0,1243.0,5700
2001-06-18,825.9017944335938,1190.0,1210.0,1179.0,1200.0,4800
2001-06-19,846.02880859375,1219.0,1219.0,1196.0,1219.0,900
2001-06-20,839.7825317382812,1210.0,1217.0,1210.0,1217.0,1700
2001-06-21,832.1480102539062,1199.0,1225.0,1194.0,1217.0,1600
2001-06-22,860.6031494140625,1240.0,1240.0,1224.0,1237.0,3300
2001-06-25,861.2975463867188,1241.0,1248.0,1220.0,1240.0,3900
2001-06-26,846.7227783203125,1220.0,1220.0,1210.0,1210.0,6100
2001-06-27,839.7825317382812,1210.0,1235.0,1201.0,1235.0,2000
2001-06-28,866.8497924804688,1249.0,1249.0,1185.0,1200.0,8200
2001-06-29,856.439208984375,1234.0,1249.0,1200.0,1248.0,4400
2001-07-02,844.640625,1217.0,1235.0,1211.0,1235.0,1100
2001-07-03,839.7825317382812,1210.0,1220.0,1210.0,1220.0,200
2001-07-04,839.088134765625,1209.0,1214.0,1207.0,1214.0,4000
2001-07-05,825.9017944335938,1190.0,1209.0,1190.0,1209.0,2200
2001-07-06,821.7373657226562,1184.0,1190.0,1175.0,1190.0,2700
2001-07-09,798.1401977539062,1150.0,1160.0,1140.0,1153.0,3500
2001-07-10,783.5655517578125,1129.0,1161.0,1118.0,1161.0,3900
2001-07-11,756.4979858398438,1090.0,1129.0,1090.0,1129.0,12200
2001-07-12,762.7445678710938,1099.0,1100.0,1080.0,1080.0,5800
2001-07-13,780.7891235351562,1125.0,1125.0,1079.0,1103.0,16600
2001-07-16,780.7891235351562,1125.0,1145.0,1113.0,1122.0,6300
2001-07-17,793.2819213867188,1143.0,1160.0,1131.0,1145.0,6000
2001-07-18,805.0804443359375,1160.0,1170.0,1146.0,1163.0,4800
2001-07-19,815.4910888671875,1175.0,1175.0,1159.0,1170.0,4600
2001-07-20,815.4910888671875,1175.0,1175.0,1175.0,1175.0,0
2001-07-23,818.961181640625,1180.0,1180.0,1140.0,1178.0,5100
2001-07-24,818.2670288085938,1179.0,1179.0,1135.0,1175.0,7900
2001-07-25,796.751953125,1148.0,1178.0,1143.0,1178.0,3800
2001-07-26,827.2896728515625,1192.0,1192.0,1182.0,1188.0,3700
2001-07-27,826.5957641601562,1191.0,1191.0,1140.0,1140.0,6200
2001-07-30,800.9166870117188,1154.0,1200.0,1151.0,1198.0,2100
2001-07-31,823.12548828125,1186.0,1190.0,1174.0,1174.0,4800
2001-08-01,826.5957641601562,1191.0,1195.0,1186.0,1186.0,5600
2001-08-02,827.2896728515625,1192.0,1210.0,1192.0,1200.0,8900
2001-08-03,832.1480102539062,1199.0,1210.0,1191.0,1191.0,4600
2001-08-06,809.2448120117188,1166.0,1191.0,1166.0,1191.0,2400
2001-08-07,832.1480102539062,1199.0,1200.0,1163.0,1163.0,5800
2001-08-08,813.408935546875,1172.0,1178.0,1171.0,1171.0,800
2001-08-09,800.2223510742188,1153.0,1170.0,1150.0,1156.0,7400
2001-08-10,800.2223510742188,1153.0,1185.0,1153.0,1160.0,4400
2001-08-13,785.6475830078125,1132.0,1154.0,1132.0,1154.0,3000
2001-08-14,796.751953125,1148.0,1150.0,1138.0,1138.0,1900
2001-08-15,791.2000122070312,1140.0,1150.0,1140.0,1150.0,4000
2001-08-16,793.9759521484375,1144.0,1160.0,1143.0,1160.0,2400
2001-08-17,795.3641357421875,1146.0,1170.0,1140.0,1170.0,5900
2001-08-20,805.0804443359375,1160.0,1169.0,1146.0,1150.0,2300
2001-08-21,796.751953125,1148.0,1170.0,1139.0,1169.0,6300
2001-08-22,788.4235229492188,1136.0,1145.0,1136.0,1145.0,4400
2001-08-23,791.2000122070312,1140.0,1143.0,1120.0,1135.0,7000
2001-08-24,771.0726318359375,1111.0,1140.0,1111.0,1140.0,2200
2001-08-27,791.2000122070312,1140.0,1160.0,1140.0,1160.0,1500
2001-08-28,778.0132446289062,1121.0,1150.0,1120.0,1140.0,8500
2001-08-29,777.3192749023438,1120.0,1122.0,1120.0,1122.0,1200
2001-08-30,772.4609985351562,1113.0,1123.0,1113.0,1121.0,8500
2001-08-31,764.82666015625,1102.0,1120.0,1100.0,1113.0,8600
2001-09-03,728.73681640625,1050.0,1121.0,1050.0,1102.0,15900
2001-09-04,749.5578002929688,1080.0,1080.0,990.0,990.0,6800
2001-09-05,703.057373046875,1013.0,1074.0,1013.0,1070.0,5700
2001-09-06,745.3935546875,1074.0,1093.0,1073.0,1093.0,11200
2001-09-07,725.2664794921875,1045.0,1045.0,1016.0,1034.0,3000
2001-09-10,704.4457397460938,1015.0,1066.0,1015.0,1065.0,4400
2001-09-11,699.5875244140625,1008.0,1035.0,1000.0,1035.0,11200
2001-09-12,655.8632202148438,945.0,1000.0,945.0,1000.0,7900
2001-09-13,641.9823608398438,925.0,945.0,895.0,945.0,31000
2001-09-14,676.6842651367188,975.0,975.0,930.0,930.0,10300
2001-09-17,671.1319580078125,967.0,975.0,932.0,970.0,2900
2001-09-18,666.2734985351562,960.0,985.0,960.0,967.0,7300
2001-09-19,687.0947875976562,990.0,1000.0,980.0,1000.0,3800
2001-09-20,687.0947875976562,990.0,998.0,978.0,998.0,6300
2001-09-21,682.2362060546875,983.0,990.0,982.0,990.0,3600
2001-09-24,682.2362060546875,983.0,983.0,983.0,983.0,0
2001-09-25,652.2403564453125,935.0,980.0,920.0,980.0,2800
2001-09-26,669.679931640625,960.0,980.0,945.0,955.0,3100
2001-09-27,661.3089599609375,948.0,965.0,930.0,965.0,5200
2001-09-28,661.3089599609375,948.0,948.0,948.0,948.0,0
2001-10-01,696.8858032226562,999.0,999.0,965.0,965.0,8600
2001-10-02,704.5591430664062,1010.0,1010.0,997.0,999.0,5400
2001-10-03,794.54736328125,1139.0,1150.0,1119.0,1150.0,8800
2001-10-04,791.7568359375,1135.0,1150.0,1112.0,1150.0,7300
2001-10-05,767.341552734375,1100.0,1150.0,1074.0,1150.0,3300
2001-10-08,767.341552734375,1100.0,1100.0,1100.0,1100.0,0
2001-10-09,791.7568359375,1135.0,1150.0,1130.0,1131.0,3500
2001-10-10,767.341552734375,1100.0,1135.0,1100.0,1135.0,4100
2001-10-11,793.8496704101562,1138.0,1140.0,1110.0,1140.0,6900
2001-10-12,795.2448120117188,1140.0,1145.0,1120.0,1145.0,6200
2001-10-15,788.2688598632812,1130.0,1130.0,1091.0,1120.0,4300
2001-10-16,739.4383544921875,1060.0,1135.0,1000.0,1135.0,4300
2001-10-17,791.7568359375,1135.0,1135.0,1060.0,1110.0,4600
2001-10-18,788.2688598632812,1130.0,1130.0,1100.0,1125.0,10000
2001-10-19,767.341552734375,1100.0,1134.0,1054.0,1130.0,3100
2001-10-22,779.8981323242188,1118.0,1125.0,1118.0,1120.0,1700
2001-10-23,784.781005859375,1125.0,1127.0,1095.0,1095.0,4400
2001-10-24,791.7568359375,1135.0,1135.0,1123.0,1125.0,7600
2001-10-25,802.2207641601562,1150.0,1150.0,1120.0,1135.0,8100
2001-10-26,830.1240844726562,1190.0,1200.0,1154.0,1167.0,12900
2001-10-29,836.4024658203125,1199.0,1226.0,1199.0,1226.0,4100
2001-10-30,767.341552734375,1100.0,1160.0,1080.0,1099.0,8600
2001-10-31,784.781005859375,1125.0,1125.0,1107.0,1120.0,2900
2001-11-01,813.38232421875,1166.0,1195.0,1125.0,1148.0,5200
2001-11-02,788.9667358398438,1131.0,1166.0,1111.0,1166.0,5300
2001-11-05,828.03125,1187.0,1190.0,1148.0,1150.0,4200
2001-11-06,774.3174438476562,1110.0,1150.0,1100.0,1150.0,9000
2001-11-07,778.502685546875,1116.0,1130.0,1091.0,1130.0,12800
2001-11-08,778.502685546875,1116.0,1117.0,1060.0,1060.0,3500
2001-11-09,778.502685546875,1116.0,1116.0,1116.0,1116.0,0
2001-11-12,775.0150756835938,1111.0,1115.0,1110.0,1115.0,2000
2001-11-13,791.7568359375,1135.0,1135.0,1080.0,1080.0,2600
2001-11-14,795.2448120117188,1140.0,1150.0,1123.0,1150.0,2400
2001-11-15,802.2207641601562,1150.0,1150.0,1136.0,1145.0,6000
2001-11-16,818.9625854492188,1174.0,1180.0,1146.0,1149.0,5400
2001-11-19,768.0390014648438,1101.0,1102.0,1094.0,1094.0,2300
2001-11-20,776.41015625,1113.0,1168.0,1113.0,1168.0,1200
2001-11-21,732.4625244140625,1050.0,1103.0,1050.0,1103.0,3500
2001-11-22,805.708740234375,1155.0,1169.0,1100.0,1100.0,11500
2001-11-23,805.708740234375,1155.0,1155.0,1155.0,1155.0,0
2001-11-26,816.1724243164062,1170.0,1170.0,1155.0,1155.0,2300
2001-11-27,788.2688598632812,1130.0,1178.0,1130.0,1170.0,5000
2001-11-28,780.5956420898438,1119.0,1141.0,1119.0,1120.0,500
2001-11-29,756.8778076171875,1085.0,1100.0,1085.0,1100.0,3100
2001-11-30,765.2489624023438,1097.0,1100.0,1087.0,1100.0,3900
2001-12-03,738.0430297851562,1058.0,1100.0,1058.0,1100.0,3600
2001-12-04,732.4625244140625,1050.0,1081.0,1030.0,1081.0,5100
2001-12-05,732.4625244140625,1050.0,1051.0,1049.0,1051.0,2400
2001-12-06,732.4625244140625,1050.0,1080.0,1050.0,1055.0,19700
2001-12-07,753.3897094726562,1080.0,1080.0,1020.0,1050.0,1800
2001-12-10,719.2083740234375,1031.0,1080.0,1031.0,1080.0,4900
2001-12-11,710.1397094726562,1018.0,1031.0,1017.0,1031.0,4100
2001-12-12,731.0673217773438,1048.0,1053.0,1019.0,1020.0,4600
2001-12-13,712.9299926757812,1022.0,1059.0,1020.0,1048.0,1500
2001-12-14,740.83349609375,1062.0,1062.0,1000.0,1001.0,20100
2001-12-17,701.7686767578125,1006.0,1032.0,1005.0,1032.0,2900
2001-12-18,697.5830688476562,1000.0,1040.0,989.0,1040.0,6400
2001-12-19,683.6317138671875,980.0,1010.0,969.0,1009.0,6900
2001-12-20,731.0673217773438,1048.0,1048.0,980.0,1000.0,9800
2001-12-21,697.5830688476562,1000.0,1050.0,999.0,1048.0,5600
2001-12-24,697.5830688476562,1000.0,1000.0,1000.0,1000.0,0
2001-12-25,655.0306396484375,939.0,950.0,910.0,910.0,23500
2001-12-26,645.2644653320312,925.0,930.0,920.0,930.0,2900
2001-12-27,649.4500122070312,931.0,931.0,920.0,930.0,4400
2001-12-28,697.5830688476562,1000.0,1020.0,950.0,950.0,4100
2001-12-31,697.5830688476562,1000.0,1000.0,1000.0,1000.0,0
2002-01-01,697.5830688476562,1000.0,1000.0,1000.0,1000.0,0
2002-01-02,697.5830688476562,1000.0,1000.0,1000.0,1000.0,0
2002-01-03,697.5830688476562,1000.0,1000.0,1000.0,1000.0,0
2002-01-04,719.9059448242188,1032.0,1032.0,1000.0,1020.0,3200
2002-01-07,715.0227661132812,1025.0,1033.0,1000.0,1033.0,4400
2002-01-08,701.0711669921875,1005.0,1030.0,985.0,1024.0,6700
2002-01-09,697.5830688476562,1000.0,1015.0,990.0,1005.0,4100
2002-01-10,694.0955200195312,995.0,1038.0,993.0,1038.0,6500
2002-01-11,694.0955200195312,995.0,1025.0,995.0,1025.0,11000
2002-01-14,694.0955200195312,995.0,995.0,995.0,995.0,0
2002-01-15,690.6076049804688,990.0,1020.0,990.0,991.0,1600
2002-01-16,704.5591430664062,1010.0,1010.0,980.0,1000.0,3000
2002-01-17,690.6076049804688,990.0,1008.0,950.0,1008.0,3300
2002-01-18,694.0955200195312,995.0,999.0,993.0,995.0,6600
2002-01-21,715.0227661132812,1025.0,1025.0,995.0,1000.0,8500
2002-01-22,697.5830688476562,1000.0,1030.0,995.0,1030.0,5500
2002-01-23,687.8171997070312,986.0,1004.0,966.0,1000.0,9700
2002-01-24,677.3533325195312,971.0,990.0,971.0,985.0,4600
2002-01-25,679.446044921875,974.0,992.0,974.0,992.0,1900
2002-01-28,704.5591430664062,1010.0,1015.0,981.0,981.0,3200
2002-01-29,694.0955200195312,995.0,1010.0,990.0,1010.0,2600
2002-01-30,696.1880493164062,998.0,1000.0,996.0,1000.0,3600
2002-01-31,696.1880493164062,998.0,998.0,998.0,998.0,0
2002-02-01,697.5830688476562,1000.0,1040.0,999.0,1040.0,4400
2002-02-04,694.0955200195312,995.0,1000.0,990.0,1000.0,3600
2002-02-05,683.6317138671875,980.0,995.0,979.0,995.0,6600
2002-02-06,683.6317138671875,980.0,981.0,971.0,971.0,3000
2002-02-07,685.0265502929688,982.0,990.0,980.0,980.0,2600
2002-02-08,711.534912109375,1020.0,1030.0,981.0,991.0,14800
2002-02-11,711.534912109375,1020.0,1020.0,1020.0,1020.0,0
2002-02-12,704.5591430664062,1010.0,1037.0,1010.0,1030.0,5200
2002-02-13,731.7647094726562,1049.0,1050.0,1041.0,1049.0,4700
2002-02-14,738.7406616210938,1059.0,1060.0,1043.0,1049.0,8600
2002-02-15,739.4383544921875,1060.0,1077.0,1048.0,1059.0,8500
2002-02-18,724.7890625,1039.0,1060.0,1025.0,1040.0,3200
2002-02-19,697.5830688476562,1000.0,1034.0,990.0,1030.0,13100
2002-02-20,730.3697509765625,1047.0,1050.0,1000.0,1000.0,3500
2002-02-21,720.6033935546875,1033.0,1053.0,1030.0,1048.0,13000
2002-02-22,732.4625244140625,1050.0,1071.0,1050.0,1050.0,3100
2002-02-25,739.4383544921875,1060.0,1070.0,1050.0,1050.0,4100
2002-02-26,718.5109252929688,1030.0,1062.0,1030.0,1060.0,9500
2002-02-27,753.3897094726562,1080.0,1083.0,1040.0,1060.0,24900
2002-02-28,746.4142456054688,1070.0,1097.0,1070.0,1079.0,9500
2002-03-01,746.4142456054688,1070.0,1070.0,1050.0,1070.0,5600
2002-03-04,781.2930908203125,1120.0,1120.0,1069.0,1070.0,20700
2002-03-05,767.341552734375,1100.0,1120.0,1100.0,1120.0,5200
2002-03-06,805.708740234375,1155.0,1160.0,1110.0,1120.0,9000
2002-03-07,816.1724243164062,1170.0,1180.0,1140.0,1160.0,8700
2002-03-08,739.4383544921875,1060.0,1150.0,1060.0,1090.0,56500
2002-03-11,781.2930908203125,1120.0,1130.0,1095.0,1100.0,19200
2002-03-12,753.3897094726562,1080.0,1118.0,1080.0,1100.0,12000
2002-03-13,767.341552734375,1100.0,1110.0,1060.0,1075.0,32000
2002-03-14,753.3897094726562,1080.0,1149.0,1079.0,1101.0,8000
2002-03-15,802.9182739257812,1151.0,1170.0,1120.0,1120.0,14700
2002-03-18,795.2448120117188,1140.0,1180.0,1140.0,1160.0,7900
2002-03-19,837.099853515625,1200.0,1220.0,1100.0,1140.0,32700
2002-03-20,878.9549560546875,1260.0,1298.0,1230.0,1230.0,30900
2002-03-21,878.9549560546875,1260.0,1260.0,1260.0,1260.0,0
2002-03-22,914.5314331054688,1311.0,1324.0,1275.0,1280.0,34100
2002-03-25,901.9754638671875,1293.0,1311.0,1260.0,1311.0,22200
2002-03-26,903.3758544921875,1290.0,1310.0,1270.0,1270.0,30600
2002-03-27,910.378662109375,1300.0,1340.0,1280.0,1288.0,15200
2002-03-28,945.3931884765625,1350.0,1360.0,1311.0,1340.0,12200
2002-03-29,945.3931884765625,1350.0,1359.0,1326.0,1350.0,29900
2002-04-01,904.0757446289062,1291.0,1350.0,1290.0,1350.0,18400
2002-04-02,910.378662109375,1300.0,1340.0,1291.0,1291.0,16100
2002-04-03,1022.4253540039062,1460.0,1460.0,1300.0,1300.0,47700
2002-04-04,1120.466064453125,1600.0,1600.0,1420.0,1458.0,74600
2002-04-05,1106.460205078125,1580.0,1580.0,1503.0,1510.0,32800
2002-04-08,1134.471923828125,1620.0,1640.0,1550.0,1550.0,42300
2002-04-09,1134.471923828125,1620.0,1680.0,1599.0,1635.0,32300
2002-04-10,1134.471923828125,1620.0,1630.0,1550.0,1570.0,60800
2002-04-11,1155.480712890625,1650.0,1673.0,1599.0,1630.0,61300
2002-04-12,1125.36767578125,1607.0,1625.0,1599.0,1600.0,28600
2002-04-15,1133.0709228515625,1618.0,1620.0,1580.0,1600.0,40000
2002-04-16,1120.466064453125,1600.0,1615.0,1579.0,1610.0,27700
2002-04-17,1109.9615478515625,1585.0,1605.0,1585.0,1605.0,21000
2002-04-18,1092.4542236328125,1560.0,1600.0,1560.0,1585.0,36800
2002-04-19,1085.4515380859375,1550.0,1550.0,1500.0,1536.0,20700
2002-04-22,1078.448486328125,1540.0,1550.0,1505.0,1550.0,12100
2002-04-23,1107.86083984375,1582.0,1600.0,1512.0,1550.0,79300
2002-04-24,1120.466064453125,1600.0,1625.0,1590.0,1600.0,30100
2002-04-25,1075.6473388671875,1536.0,1599.0,1534.0,1599.0,15400
2002-04-26,1119.0653076171875,1598.0,1598.0,1521.0,1540.0,21600
2002-04-29,1119.0653076171875,1598.0,1598.0,1598.0,1598.0,0
2002-04-30,1073.546630859375,1533.0,1562.0,1520.0,1538.0,5700
2002-05-01,1074.9473876953125,1535.0,1565.0,1523.0,1559.0,8900
2002-05-02,1126.768798828125,1609.0,1620.0,1560.0,1595.0,28200
2002-05-03,1126.768798828125,1609.0,1609.0,1609.0,1609.0,0
2002-05-06,1126.768798828125,1609.0,1609.0,1609.0,1609.0,0
2002-05-07,1100.8577880859375,1572.0,1600.0,1560.0,1576.0,6700
2002-05-08,1099.4573974609375,1570.0,1600.0,1570.0,1572.0,6300
2002-05-09,1191.1949462890625,1701.0,1730.0,1650.0,1700.0,187300
2002-05-10,1178.590087890625,1683.0,1750.0,1681.0,1710.0,65200
2002-05-13,1148.4776611328125,1640.0,1667.0,1636.0,1657.0,12300
2002-05-14,1127.468505859375,1610.0,1670.0,1602.0,1670.0,14100
2002-05-15,1142.1749267578125,1631.0,1650.0,1621.0,1629.0,17100
2002-05-16,1155.480712890625,1650.0,1661.0,1631.0,1661.0,8100
2002-05-17,1146.3768310546875,1637.0,1669.0,1637.0,1669.0,20100
2002-05-20,1141.4747314453125,1630.0,1640.0,1629.0,1630.0,13400
2002-05-21,1165.284912109375,1664.0,1670.0,1630.0,1639.0,21100
2002-05-22,1147.77734375,1639.0,1690.0,1580.0,1680.0,43500
2002-05-23,1115.564208984375,1593.0,1610.0,1580.0,1600.0,20200
2002-05-24,1127.468505859375,1610.0,1610.0,1581.0,1586.0,14200
2002-05-27,1118.3651123046875,1597.0,1624.0,1597.0,1610.0,8100
2002-05-28,1141.4747314453125,1630.0,1630.0,1589.0,1601.0,26500
2002-05-29,1142.1749267578125,1631.0,1644.0,1627.0,1627.0,14300
2002-05-30,1175.7890625,1679.0,1680.0,1631.0,1640.0,23800
2002-05-31,1183.4923095703125,1690.0,1740.0,1670.0,1670.0,30700
2002-06-03,1190.4947509765625,1700.0,1729.0,1690.0,1711.0,23100
2002-06-04,1145.6767578125,1636.0,1696.0,1620.0,1690.0,26400
2002-06-05,1127.468505859375,1610.0,1629.0,1606.0,1621.0,12100
2002-06-06,1141.4747314453125,1630.0,1649.0,1619.0,1649.0,14400
2002-06-07,1162.4832763671875,1660.0,1660.0,1590.0,1600.0,17800
2002-06-10,1132.37109375,1617.0,1649.0,1610.0,1649.0,4000
2002-06-11,1130.97021484375,1615.0,1620.0,1615.0,1616.0,2300
2002-06-12,1112.062744140625,1588.0,1590.0,1580.0,1590.0,12600
2002-06-13,1064.442626953125,1520.0,1600.0,1515.0,1589.0,14600
2002-06-14,1032.9295654296875,1475.0,1530.0,1475.0,1530.0,31800
2002-06-17,994.413330078125,1420.0,1430.0,1381.0,1415.0,17700
2002-06-18,974.1050415039062,1391.0,1425.0,1381.0,1425.0,15100
2002-06-19,1000.7161865234375,1429.0,1429.0,1371.0,1390.0,32700
2002-06-20,1014.7221069335938,1449.0,1449.0,1390.0,1420.0,8200
2002-06-21,1016.1220703125,1451.0,1451.0,1417.0,1447.0,6700
2002-06-24,1065.142822265625,1521.0,1521.0,1419.0,1450.0,14200
2002-06-25,1079.8492431640625,1542.0,1563.0,1512.0,1521.0,56100
2002-06-26,1022.4253540039062,1460.0,1540.0,1452.0,1540.0,14400
2002-06-27,1056.0394287109375,1508.0,1517.0,1435.0,1435.0,12900
2002-06-28,1078.448486328125,1540.0,1549.0,1453.0,1549.0,28200
2002-07-01,1078.448486328125,1540.0,1579.0,1539.0,1549.0,2400
2002-07-02,1063.7421875,1519.0,1519.0,1460.0,1480.0,2500
2002-07-03,1072.846435546875,1532.0,1539.0,1490.0,1500.0,7800
2002-07-04,1070.744873046875,1529.0,1529.0,1504.0,1529.0,4400
2002-07-05,1051.83740234375,1502.0,1525.0,1501.0,1524.0,14600
2002-07-08,1051.83740234375,1502.0,1530.0,1490.0,1511.0,7000
2002-07-09,1024.5260009765625,1463.0,1509.0,1462.0,1496.0,4600
2002-07-10,1008.4193115234375,1440.0,1463.0,1425.0,1463.0,7400
2002-07-11,988.1109619140625,1411.0,1440.0,1400.0,1440.0,7300
2002-07-12,966.4019165039062,1380.0,1414.0,1370.0,1411.0,10200
2002-07-15,938.3902587890625,1340.0,1371.0,1318.0,1371.0,7700
2002-07-16,924.3843383789062,1320.0,1342.0,1318.0,1320.0,8900
2002-07-17,945.3931884765625,1350.0,1360.0,1320.0,1340.0,9400
2002-07-18,1015.4223022460938,1450.0,1450.0,1385.0,1390.0,28200
2002-07-19,990.2119140625,1414.0,1448.0,1379.0,1448.0,2100
2002-07-22,945.3931884765625,1350.0,1414.0,1325.0,1414.0,9400
2002-07-23,955.8975830078125,1365.0,1390.0,1350.0,1350.0,5900
2002-07-24,925.7848510742188,1322.0,1361.0,1322.0,1361.0,5100
2002-07-25,950.9954223632812,1358.0,1367.0,1350.0,1350.0,8100
2002-07-26,946.093505859375,1351.0,1365.0,1350.0,1360.0,14300
2002-07-29,945.3931884765625,1350.0,1370.0,1350.0,1351.0,13900
2002-07-30,979.0073852539062,1398.0,1430.0,1370.0,1370.0,5300
2002-07-31,1000.0159301757812,1428.0,1439.0,1415.0,1415.0,5600
2002-08-01,960.0994873046875,1371.0,1419.0,1371.0,1419.0,2100
2002-08-02,969.903564453125,1385.0,1385.0,1351.0,1351.0,2800
2002-08-05,950.2953491210938,1357.0,1374.0,1350.0,1368.0,3000
2002-08-06,927.8861083984375,1325.0,1350.0,1325.0,1350.0,9100
2002-08-07,936.9894409179688,1338.0,1345.0,1305.0,1305.0,2800
2002-08-08,951.6959228515625,1359.0,1420.0,1359.0,1379.0,7600
2002-08-09,994.413330078125,1420.0,1420.0,1408.0,1419.0,8300
2002-08-12,952.3961181640625,1360.0,1406.0,1325.0,1406.0,4900
2002-08-13,931.3875122070312,1330.0,1340.0,1310.0,1320.0,2600
2002-08-14,945.3931884765625,1350.0,1350.0,1321.0,1330.0,2700
2002-08-15,952.3961181640625,1360.0,1360.0,1341.0,1350.0,2900
2002-08-16,980.4078979492188,1400.0,1400.0,1340.0,1360.0,4500
2002-08-19,943.992431640625,1348.0,1400.0,1343.0,1400.0,5700
2002-08-20,945.3931884765625,1350.0,1360.0,1326.0,1350.0,5500
2002-08-21,967.102294921875,1381.0,1399.0,1329.0,1329.0,4800
2002-08-22,986.7102661132812,1409.0,1410.0,1368.0,1390.0,12800
2002-08-23,986.7102661132812,1409.0,1409.0,1409.0,1409.0,0
2002-08-26,993.7134399414062,1419.0,1419.0,1374.0,1374.0,6600
2002-08-27,964.30078125,1377.0,1424.0,1376.0,1424.0,5100
2002-08-28,955.1972045898438,1364.0,1397.0,1350.0,1380.0,3500
2002-08-29,931.3875122070312,1330.0,1361.0,1330.0,1350.0,7700
2002-08-30,931.3875122070312,1330.0,1335.0,1320.0,1330.0,9800
2002-09-02,945.3931884765625,1350.0,1350.0,1300.0,1300.0,6200
2002-09-03,917.3816528320312,1310.0,1344.0,1290.0,1344.0,5800
2002-09-04,896.3729248046875,1280.0,1310.0,1271.0,1280.0,12800
2002-09-05,882.3670654296875,1260.0,1300.0,1260.0,1280.0,9000
2002-09-06,862.0587158203125,1231.0,1263.0,1231.0,1251.0,10600
2002-09-09,878.8653564453125,1255.0,1303.0,1254.0,1254.0,3900
2002-09-10,892.8712158203125,1275.0,1303.0,1260.0,1260.0,5700
2002-09-11,890.0703125,1271.0,1274.0,1235.0,1235.0,4200
2002-09-12,866.9605712890625,1238.0,1268.0,1238.0,1268.0,19600
2002-09-13,818.6404418945312,1169.0,1178.0,1157.0,1158.0,31100
2002-09-16,818.6404418945312,1169.0,1169.0,1169.0,1169.0,0
2002-09-17,888.6696166992188,1269.0,1269.0,1173.0,1173.0,6900
2002-09-18,874.6636352539062,1249.0,1249.0,1189.0,1189.0,9400
2002-09-19,876.7647705078125,1252.0,1258.0,1190.0,1209.0,7600
2002-09-20,887.96923828125,1268.0,1268.0,1252.0,1255.0,4900
2002-09-23,887.96923828125,1268.0,1268.0,1268.0,1268.0,0
2002-09-24,874.6636352539062,1249.0,1250.0,1229.0,1250.0,5300
2002-09-25,854.976806640625,1216.0,1250.0,1212.0,1250.0,7300
2002-09-26,909.8192749023438,1294.0,1295.0,1271.0,1276.0,6200
2002-09-27,956.2242431640625,1360.0,1374.0,1305.0,1314.0,17600
2002-09-30,914.0376586914062,1300.0,1360.0,1250.0,1359.0,3100
2002-10-01,864.8204956054688,1230.0,1256.0,1210.0,1210.0,5900
2002-10-02,880.2887573242188,1252.0,1289.0,1230.0,1255.0,10900
2002-10-03,879.5856323242188,1251.0,1272.0,1229.0,1272.0,4400
2002-10-04,864.8204956054688,1230.0,1240.0,1200.0,1211.0,14200
2002-10-07,724.1992797851562,1030.0,1030.0,1030.0,1030.0,8200
2002-10-08,766.3853149414062,1090.0,1120.0,1030.0,1030.0,23300
2002-10-09,703.1058959960938,1000.0,1090.0,995.0,1089.0,31300
2002-10-10,731.2302856445312,1040.0,1040.0,995.0,995.0,12900
2002-10-11,790.291259765625,1124.0,1146.0,1051.0,1051.0,18700
2002-10-14,790.291259765625,1124.0,1124.0,1124.0,1124.0,0
2002-10-15,826.1497192382812,1175.0,1205.0,1131.0,1204.0,6400
2002-10-16,805.7594604492188,1146.0,1201.0,1143.0,1201.0,3900
2002-10-17,820.524658203125,1167.0,1189.0,1166.0,1166.0,4900
2002-10-18,823.3370971679688,1171.0,1198.0,1158.0,1167.0,3000
2002-10-21,840.2115478515625,1195.0,1198.0,1171.0,1171.0,5900
2002-10-22,780.447509765625,1110.0,1197.0,1110.0,1197.0,7100
2002-10-23,809.2749633789062,1151.0,1153.0,1100.0,1111.0,6500
2002-10-24,798.0252075195312,1135.0,1135.0,1116.0,1121.0,2700
2002-10-25,814.8997192382812,1159.0,1160.0,1135.0,1144.0,6900
2002-10-28,842.3208618164062,1198.0,1198.0,1159.0,1159.0,3000
2002-10-29,811.3844604492188,1154.0,1198.0,1154.0,1197.0,4400
2002-10-30,828.2586059570312,1178.0,1190.0,1154.0,1154.0,5800
2002-10-31,785.3694458007812,1117.0,1176.0,1114.0,1170.0,10900
2002-11-01,815.602783203125,1160.0,1177.0,1130.0,1177.0,2900
2002-11-04,815.602783203125,1160.0,1160.0,1160.0,1160.0,0
2002-11-05,815.602783203125,1160.0,1185.0,1142.0,1180.0,5500
2002-11-06,818.4151611328125,1164.0,1190.0,1164.0,1189.0,6500
2002-11-07,822.634033203125,1170.0,1189.0,1153.0,1189.0,7400
2002-11-08,790.9939575195312,1125.0,1138.0,1089.0,1090.0,13800
2002-11-11,763.5728759765625,1086.0,1119.0,1085.0,1119.0,5400
2002-11-12,796.6188354492188,1133.0,1138.0,1069.0,1080.0,12000
2002-11-13,761.4639282226562,1083.0,1102.0,1080.0,1101.0,8000
2002-11-14,753.7293090820312,1072.0,1096.0,1071.0,1071.0,5000
2002-11-15,758.6513671875,1079.0,1083.0,1070.0,1070.0,8700
2002-11-18,717.8709106445312,1021.0,1075.0,1010.0,1075.0,5600
2002-11-19,696.0750122070312,990.0,1006.0,982.0,982.0,3100
2002-11-20,699.5904541015625,995.0,1023.0,990.0,990.0,14300
2002-11-21,707.3245849609375,1006.0,1010.0,980.0,990.0,24900
2002-11-22,703.1058959960938,1000.0,1086.0,1000.0,1086.0,11700
2002-11-25,698.8870849609375,994.0,1060.0,994.0,1060.0,18000
2002-11-26,727.7147216796875,1035.0,1082.0,1020.0,1080.0,14300
2002-11-27,730.5270385742188,1039.0,1064.0,1020.0,1035.0,13500
2002-11-28,734.7457885742188,1045.0,1069.0,1040.0,1060.0,16100
2002-11-29,759.3543090820312,1080.0,1080.0,1045.0,1045.0,11700
2002-12-02,759.3543090820312,1080.0,1080.0,1080.0,1080.0,0
2002-12-03,759.3543090820312,1080.0,1082.0,1052.0,1052.0,7600
2002-12-04,753.7293090820312,1072.0,1082.0,1072.0,1080.0,5400
2002-12-05,734.0425415039062,1044.0,1074.0,1025.0,1072.0,7400
2002-12-06,730.5270385742188,1039.0,1044.0,1023.0,1044.0,10500
2002-12-09,758.6513671875,1079.0,1079.0,1040.0,1045.0,12100
2002-12-10,751.6204223632812,1069.0,1071.0,1032.0,1032.0,16200
2002-12-11,752.3234252929688,1070.0,1079.0,1069.0,1070.0,5100
2002-12-12,769.9006958007812,1095.0,1109.0,1074.0,1075.0,43100
2002-12-13,773.41650390625,1100.0,1100.0,1095.0,1099.0,25300
2002-12-16,738.9642333984375,1051.0,1100.0,1050.0,1100.0,14000
2002-12-17,739.6674194335938,1052.0,1071.0,1052.0,1065.0,10200
2002-12-18,769.1978759765625,1094.0,1097.0,1049.0,1050.0,11400
2002-12-19,760.7603759765625,1082.0,1094.0,1051.0,1094.0,18500
2002-12-20,798.7282104492188,1136.0,1136.0,1090.0,1100.0,15300
2002-12-23,798.7282104492188,1136.0,1136.0,1136.0,1136.0,0
2002-12-24,794.5096435546875,1130.0,1132.0,1100.0,1100.0,15000
2002-12-25,812.790283203125,1156.0,1156.0,1130.0,1130.0,9900
2002-12-26,832.4775390625,1184.0,1184.0,1156.0,1156.0,5600
2002-12-27,844.4302978515625,1201.0,1209.0,1185.0,1190.0,11200
2002-12-30,847.24267578125,1205.0,1220.0,1193.0,1205.0,4800
2002-12-31,847.24267578125,1205.0,1205.0,1205.0,1205.0,0
2003-01-01,847.24267578125,1205.0,1205.0,1205.0,1205.0,0
2003-01-02,847.24267578125,1205.0,1205.0,1205.0,1205.0,0
2003-01-03,847.24267578125,1205.0,1205.0,1205.0,1205.0,0
2003-01-06,843.7269897460938,1200.0,1200.0,1175.0,1200.0,2300
2003-01-07,843.0242309570312,1199.0,1210.0,1180.0,1180.0,5900
2003-01-08,837.399169921875,1191.0,1191.0,1159.0,1159.0,2100
2003-01-09,833.1805419921875,1185.0,1190.0,1149.0,1149.0,10200
2003-01-10,816.30615234375,1161.0,1175.0,1150.0,1165.0,15200
2003-01-13,816.30615234375,1161.0,1161.0,1161.0,1161.0,0
2003-01-14,822.634033203125,1170.0,1180.0,1152.0,1152.0,6600
2003-01-15,834.5866088867188,1187.0,1188.0,1167.0,1170.0,9500
2003-01-16,815.602783203125,1160.0,1188.0,1156.0,1187.0,7400
2003-01-17,828.2586059570312,1178.0,1178.0,1155.0,1155.0,7900
2003-01-20,838.80517578125,1193.0,1193.0,1158.0,1178.0,11500
2003-01-21,862.007568359375,1226.0,1226.0,1190.0,1191.0,19100
2003-01-22,865.5235595703125,1231.0,1250.0,1230.0,1246.0,16400
2003-01-23,866.9297485351562,1233.0,1244.0,1211.0,1211.0,24200
2003-01-24,866.9297485351562,1233.0,1241.0,1220.0,1220.0,10600
2003-01-27,865.5235595703125,1231.0,1240.0,1230.0,1234.0,14000
2003-01-28,873.9608154296875,1243.0,1243.0,1200.0,1230.0,21100
2003-01-29,880.2887573242188,1252.0,1260.0,1240.0,1240.0,18300
2003-01-30,888.725830078125,1264.0,1266.0,1252.0,1252.0,13100
2003-01-31,896.4598999023438,1275.0,1275.0,1244.0,1244.0,21500
2003-02-03,912.631591796875,1298.0,1309.0,1275.0,1275.0,16100
2003-02-04,949.1930541992188,1350.0,1350.0,1300.0,1300.0,29600
2003-02-05,975.9111938476562,1388.0,1400.0,1330.0,1330.0,30000
2003-02-06,976.6138916015625,1389.0,1389.0,1375.0,1389.0,44500
2003-02-07,1032.8621826171875,1469.0,1479.0,1380.0,1380.0,39400
2003-02-10,1047.6278076171875,1490.0,1495.0,1450.0,1450.0,61800
2003-02-11,1047.6278076171875,1490.0,1490.0,1490.0,1490.0,0
2003-02-12,1079.2679443359375,1535.0,1580.0,1494.0,1494.0,51400
2003-02-13,1109.5006103515625,1578.0,1580.0,1560.0,1565.0,46400
2003-02-14,1103.87646484375,1570.0,1580.0,1553.0,1580.0,22000
2003-02-17,1074.3458251953125,1528.0,1544.0,1482.0,1482.0,20700
2003-02-18,1130.5941162109375,1608.0,1619.0,1540.0,1540.0,77700
2003-02-19,1131.2974853515625,1609.0,1642.0,1607.0,1612.0,42900
2003-02-20,1140.43798828125,1622.0,1625.0,1575.0,1600.0,19800
2003-02-21,1141.8441162109375,1624.0,1624.0,1600.0,1600.0,21100
2003-02-24,1139.734619140625,1621.0,1639.0,1609.0,1639.0,9300
2003-02-25,1124.969482421875,1600.0,1618.0,1597.0,1618.0,17600
2003-02-26,1124.969482421875,1600.0,1605.0,1585.0,1595.0,26400
2003-02-27,1153.09375,1640.0,1648.0,1601.0,1601.0,15800
2003-02-28,1160.124755859375,1650.0,1650.0,1633.0,1640.0,42000
2003-03-03,1158.0157470703125,1647.0,1655.0,1640.0,1650.0,18500
2003-03-04,1158.0157470703125,1647.0,1650.0,1639.0,1647.0,9500
2003-03-05,1149.5782470703125,1635.0,1643.0,1629.0,1637.0,13600
2003-03-06,1124.969482421875,1600.0,1655.0,1600.0,1621.0,31300
2003-03-07,1124.969482421875,1600.0,1600.0,1566.0,1600.0,56000
2003-03-10,1112.313720703125,1582.0,1599.0,1561.0,1599.0,25500
2003-03-11,1113.016357421875,1583.0,1590.0,1565.0,1582.0,24100
2003-03-12,1124.969482421875,1600.0,1613.0,1570.0,1582.0,28200
2003-03-13,1140.43798828125,1622.0,1622.0,1600.0,1600.0,6500
2003-03-14,1132.703857421875,1611.0,1629.0,1610.0,1623.0,27400
2003-03-17,1124.969482421875,1600.0,1608.0,1592.0,1601.0,19600
2003-03-18,1132.703857421875,1611.0,1628.0,1580.0,1580.0,12600
2003-03-19,1129.8909912109375,1607.0,1617.0,1599.0,1617.0,9700
2003-03-20,1128.4849853515625,1605.0,1620.0,1583.0,1600.0,21000
2003-03-21,1128.4849853515625,1605.0,1605.0,1605.0,1605.0,0
2003-03-24,1146.0626220703125,1630.0,1630.0,1588.0,1588.0,20000
2003-03-25,1142.5469970703125,1625.0,1630.0,1600.0,1630.0,11600
2003-03-26,1146.0736083984375,1625.0,1626.0,1590.0,1590.0,9200
2003-03-27,1146.7784423828125,1626.0,1627.0,1623.0,1627.0,5700
2003-03-28,1131.9681396484375,1605.0,1621.0,1600.0,1620.0,11700
2003-03-31,1110.8095703125,1575.0,1605.0,1575.0,1603.0,21600
2003-04-01,1088.240966796875,1543.0,1575.0,1542.0,1575.0,23600
2003-04-02,1093.177734375,1550.0,1550.0,1454.0,1483.0,32200
2003-04-03,1104.4622802734375,1566.0,1578.0,1555.0,1555.0,7000
2003-04-04,1110.1043701171875,1574.0,1575.0,1551.0,1570.0,19800
2003-04-07,1103.75732421875,1565.0,1573.0,1546.0,1573.0,14100
2003-04-08,1061.4405517578125,1505.0,1564.0,1490.0,1564.0,23200
2003-04-09,1080.48291015625,1532.0,1532.0,1496.0,1505.0,24300
2003-04-10,1060.735107421875,1504.0,1530.0,1500.0,1530.0,10500
2003-04-11,1057.9144287109375,1500.0,1520.0,1495.0,1504.0,14900
2003-04-14,1029.703125,1460.0,1500.0,1457.0,1490.0,34400
2003-04-15,1062.145263671875,1506.0,1510.0,1460.0,1460.0,22500
2003-04-16,1079.7777099609375,1531.0,1532.0,1510.0,1520.0,19700
2003-04-17,1081.8934326171875,1534.0,1534.0,1530.0,1532.0,11400
2003-04-18,1114.3363037109375,1580.0,1580.0,1526.0,1533.0,15800
2003-04-21,1124.9149169921875,1595.0,1595.0,1578.0,1594.0,16400
2003-04-22,1119.978271484375,1588.0,1595.0,1570.0,1595.0,15400
2003-04-23,1171.4637451171875,1661.0,1681.0,1595.0,1595.0,24500
2003-04-24,1241.28564453125,1760.0,1789.0,1650.0,1650.0,91000
2003-04-25,1232.8223876953125,1748.0,1753.0,1730.0,1751.0,17700
2003-04-28,1227.1806640625,1740.0,1740.0,1698.0,1740.0,13700
2003-04-29,1227.1806640625,1740.0,1740.0,1740.0,1740.0,0
2003-04-30,1227.1806640625,1740.0,1800.0,1740.0,1750.0,18400
2003-05-01,1234.2327880859375,1750.0,1760.0,1710.0,1710.0,9800
2003-05-02,1224.359130859375,1736.0,1750.0,1730.0,1739.0,10900
2003-05-05,1224.359130859375,1736.0,1736.0,1736.0,1736.0,0
2003-05-06,1245.517333984375,1766.0,1782.0,1739.0,1739.0,25200
2003-05-07,1253.9805908203125,1778.0,1794.0,1765.0,1765.0,26100
2003-05-08,1466.973876953125,2080.0,2080.0,1958.0,2080.0,341000
2003-05-09,1495.185302734375,2120.0,2170.0,2070.0,2150.0,241500
2003-05-12,1466.973876953125,2080.0,2100.0,2070.0,2100.0,40900
2003-05-13,1403.4990234375,1990.0,2080.0,1990.0,2060.0,30400
2003-05-14,1408.436279296875,1997.0,2010.0,1930.0,1930.0,53400
2003-05-15,1362.59326171875,1932.0,1997.0,1930.0,1997.0,36300
2003-05-16,1335.79296875,1894.0,1950.0,1893.0,1930.0,37100
2003-05-19,1326.6243896484375,1881.0,1897.0,1836.0,1880.0,25900
2003-05-20,1273.728759765625,1806.0,1890.0,1806.0,1885.0,26700
2003-05-21,1265.970703125,1795.0,1803.0,1785.0,1785.0,61600
2003-05-22,1263.149169921875,1791.0,1800.0,1779.0,1795.0,23700
2003-05-23,1265.26513671875,1794.0,1850.0,1791.0,1800.0,58300
2003-05-26,1276.549560546875,1810.0,1826.0,1794.0,1796.0,38000
2003-05-27,1329.44482421875,1885.0,1904.0,1853.0,1870.0,67400
2003-05-28,1417.6046142578125,2010.0,2035.0,1945.0,1945.0,58200
2003-05-29,1421.13134765625,2015.0,2045.0,1940.0,1940.0,46500
2003-05-30,1407.025390625,1995.0,2030.0,1978.0,2020.0,31200
2003-06-02,1384.4566650390625,1963.0,1989.0,1951.0,1980.0,9800
2003-06-03,1387.9833984375,1968.0,1991.0,1949.0,1960.0,19500
2003-06-04,1397.1517333984375,1981.0,2015.0,1950.0,1968.0,33600
2003-06-05,1375.993408203125,1951.0,1982.0,1951.0,1982.0,19500
2003-06-06,1382.34130859375,1960.0,1990.0,1949.0,1951.0,23900
2003-06-09,1385.8670654296875,1965.0,1965.0,1945.0,1951.0,61400
2003-06-10,1380.22509765625,1957.0,1969.0,1950.0,1955.0,37000
2003-06-11,1367.5301513671875,1939.0,1957.0,1922.0,1940.0,37800
2003-06-12,1442.2894287109375,2045.0,2100.0,1950.0,1950.0,91500
2003-06-13,1428.1837158203125,2025.0,2030.0,1975.0,2015.0,70100
2003-06-16,1435.2366943359375,2035.0,2045.0,1982.0,2025.0,24200
2003-06-17,1452.86865234375,2060.0,2070.0,2025.0,2045.0,81800
2003-06-18,1442.2894287109375,2045.0,2060.0,2030.0,2060.0,30800
2003-06-19,1403.4990234375,1990.0,2045.0,1989.0,2040.0,24900
2003-06-20,1375.2880859375,1950.0,1991.0,1942.0,1980.0,37400
2003-06-23,1354.1300048828125,1920.0,1950.0,1915.0,1950.0,16000
2003-06-24,1313.929443359375,1863.0,1920.0,1855.0,1920.0,34200
2003-06-25,1301.2337646484375,1845.0,1885.0,1834.0,1834.0,25500
2003-06-26,1320.2764892578125,1872.0,1879.0,1845.0,1845.0,36600
2003-06-27,1362.59326171875,1932.0,1950.0,1869.0,1869.0,25700
2003-06-30,1354.835205078125,1921.0,1932.0,1912.0,1932.0,16500
2003-07-01,1371.056396484375,1944.0,1956.0,1921.0,1930.0,28800
2003-07-02,1371.056396484375,1944.0,1944.0,1918.0,1944.0,31900
2003-07-03,1347.7825927734375,1911.0,1958.0,1885.0,1944.0,48800
2003-07-04,1354.835205078125,1921.0,1930.0,1915.0,1929.0,11700
2003-07-07,1361.1827392578125,1930.0,1940.0,1920.0,1921.0,26000
2003-07-08,1361.1827392578125,1930.0,1944.0,1910.0,1930.0,64100
2003-07-09,1368.2353515625,1940.0,1980.0,1940.0,1945.0,69900
2003-07-10,1376.698486328125,1952.0,1965.0,1945.0,1960.0,43200
2003-07-11,1369.6461181640625,1942.0,1951.0,1940.0,1940.0,29800
2003-07-14,1375.2880859375,1950.0,1955.0,1940.0,1940.0,18200
2003-07-15,1389.3935546875,1970.0,1990.0,1950.0,1960.0,22900
2003-07-16,1512.817138671875,2145.0,2150.0,1960.0,2000.0,77900
2003-07-17,1452.86865234375,2060.0,2125.0,2045.0,2105.0,44800
2003-07-18,1428.1837158203125,2025.0,2060.0,1988.0,2060.0,23500
2003-07-21,1428.1837158203125,2025.0,2025.0,2025.0,2025.0,0
2003-07-22,1403.4990234375,1990.0,2005.0,1980.0,2000.0,11100
2003-07-23,1424.657470703125,2020.0,2030.0,2000.0,2030.0,12900
2003-07-24,1424.657470703125,2020.0,2025.0,2015.0,2020.0,18300
2003-07-25,1438.7630615234375,2040.0,2055.0,2020.0,2020.0,23600
2003-07-28,1435.2366943359375,2035.0,2075.0,2020.0,2050.0,12000
2003-07-29,1431.7100830078125,2030.0,2075.0,2030.0,2075.0,9400
2003-07-30,1428.1837158203125,2025.0,2050.0,2020.0,2020.0,14500
2003-07-31,1431.7100830078125,2030.0,2045.0,2020.0,2030.0,11300
2003-08-01,1445.815673828125,2050.0,2060.0,2030.0,2030.0,25600
2003-08-04,1445.815673828125,2050.0,2060.0,2050.0,2060.0,7900
2003-08-05,1417.6046142578125,2010.0,2060.0,2000.0,2050.0,7600
2003-08-06,1410.55224609375,2000.0,2015.0,1995.0,2000.0,16300
2003-08-07,1417.6046142578125,2010.0,2030.0,2000.0,2000.0,12400
2003-08-08,1414.0784912109375,2005.0,2030.0,2000.0,2030.0,18000
2003-08-11,1414.0784912109375,2005.0,2030.0,2000.0,2010.0,15600
2003-08-12,1442.2894287109375,2045.0,2050.0,2005.0,2020.0,14000
2003-08-13,1421.13134765625,2015.0,2050.0,2005.0,2010.0,10500
2003-08-14,1428.1837158203125,2025.0,2055.0,2010.0,2010.0,9900
2003-08-15,1442.2894287109375,2045.0,2075.0,2040.0,2075.0,14300
2003-08-18,1435.2366943359375,2035.0,2070.0,2025.0,2050.0,11300
2003-08-19,1459.9210205078125,2070.0,2070.0,2015.0,2070.0,12800
2003-08-20,1431.7100830078125,2030.0,2060.0,2000.0,2030.0,25000
2003-08-21,1407.731201171875,1996.0,2020.0,1990.0,2020.0,9800
2003-08-22,1410.55224609375,2000.0,2010.0,2000.0,2000.0,16500
2003-08-25,1414.0784912109375,2005.0,2005.0,1999.0,2000.0,12100
2003-08-26,1452.86865234375,2060.0,2070.0,1995.0,2005.0,39700
2003-08-27,1445.815673828125,2050.0,2065.0,2020.0,2020.0,20200
2003-08-28,1449.3421630859375,2055.0,2070.0,2050.0,2050.0,19700
2003-08-29,1512.817138671875,2145.0,2145.0,2060.0,2060.0,42400
2003-09-01,1533.9754638671875,2175.0,2195.0,2160.0,2175.0,35700
2003-09-02,1502.2379150390625,2130.0,2175.0,2060.0,2175.0,13600
2003-09-03,1502.2379150390625,2130.0,2165.0,2130.0,2145.0,11600
2003-09-04,1488.13232421875,2110.0,2170.0,2105.0,2105.0,18800
2003-09-05,1474.0267333984375,2090.0,2105.0,2040.0,2105.0,28500
2003-09-08,1509.2901611328125,2140.0,2140.0,2090.0,2140.0,17200
2003-09-09,1551.607177734375,2200.0,2200.0,2130.0,2145.0,24700
2003-09-10,1650.3463134765625,2340.0,2370.0,2160.0,2160.0,79200
2003-09-11,1615.081787109375,2290.0,2300.0,2215.0,2300.0,42600
2003-09-12,1555.1337890625,2205.0,2330.0,2155.0,2330.0,131800
2003-09-15,1555.1337890625,2205.0,2205.0,2205.0,2205.0,0
2003-09-16,1541.0283203125,2185.0,2250.0,2175.0,2245.0,6900
2003-09-17,1537.5009765625,2180.0,2200.0,2170.0,2185.0,5900
2003-09-18,1477.5531005859375,2095.0,2160.0,2085.0,2160.0,27000
2003-09-19,1516.3433837890625,2150.0,2150.0,2040.0,2055.0,36900
2003-09-22,1495.185302734375,2120.0,2190.0,2065.0,2190.0,11600
2003-09-23,1495.185302734375,2120.0,2120.0,2120.0,2120.0,0
2003-09-24,1442.2894287109375,2045.0,2105.0,2035.0,2065.0,16300
2003-09-25,1442.28955078125,2040.0,2080.0,1965.0,2080.0,17200
2003-09-26,1428.149169921875,2020.0,2035.0,1960.0,1960.0,5200
2003-09-29,1463.4991455078125,2070.0,2090.0,2000.0,2000.0,10200
2003-09-30,1463.4991455078125,2070.0,2080.0,2000.0,2000.0,17000
2003-10-01,1396.3341064453125,1975.0,2005.0,1971.0,2000.0,24000
2003-10-02,1399.86962890625,1980.0,2005.0,1952.0,2000.0,13300
2003-10-03,1399.86962890625,1980.0,1995.0,1963.0,1990.0,12000
2003-10-06,1403.4044189453125,1985.0,2005.0,1953.0,1980.0,35600
2003-10-07,1398.4554443359375,1978.0,1996.0,1966.0,1990.0,6100
2003-10-08,1402.697265625,1984.0,1988.0,1980.0,1980.0,8500
2003-10-09,1399.86962890625,1980.0,1986.0,1975.0,1985.0,23800
2003-10-10,1399.1622314453125,1979.0,1979.0,1942.0,1942.0,29100
2003-10-13,1399.1622314453125,1979.0,1979.0,1979.0,1979.0,0
2003-10-14,1371.5888671875,1940.0,1980.0,1940.0,1980.0,15500
2003-10-15,1371.5888671875,1940.0,1955.0,1923.0,1941.0,22100
2003-10-16,1335.5318603515625,1889.0,1950.0,1870.0,1950.0,96000
2003-10-17,1343.3087158203125,1900.0,1919.0,1870.0,1895.0,83200
2003-10-20,1369.4678955078125,1937.0,1966.0,1920.0,1966.0,13400
2003-10-21,1360.2767333984375,1924.0,1948.0,1910.0,1937.0,31400
2003-10-22,1322.098876953125,1870.0,1910.0,1862.0,1910.0,16500
2003-10-23,1258.4681396484375,1780.0,1810.0,1580.0,1810.0,91700
2003-10-24,1293.8184814453125,1830.0,1850.0,1801.0,1810.0,14200
2003-10-27,1271.9010009765625,1799.0,1821.0,1780.0,1800.0,57600
2003-10-28,1278.2642822265625,1808.0,1820.0,1759.0,1760.0,9300
2003-10-29,1278.9713134765625,1809.0,1868.0,1809.0,1868.0,11100
2003-10-30,1343.3087158203125,1900.0,1900.0,1803.0,1839.0,36100
2003-10-31,1378.6590576171875,1950.0,1950.0,1831.0,1831.0,18000
2003-11-03,1378.6590576171875,1950.0,1950.0,1950.0,1950.0,0
2003-11-04,1348.2581787109375,1907.0,1959.0,1897.0,1959.0,14200
2003-11-05,1356.7418212890625,1919.0,1929.0,1880.0,1892.0,9500
2003-11-06,1322.098876953125,1870.0,1912.0,1870.0,1890.0,18200
2003-11-07,1324.2198486328125,1873.0,1893.0,1756.0,1840.0,31200
2003-11-10,1322.098876953125,1870.0,1880.0,1800.0,1880.0,28000
2003-11-11,1286.7486572265625,1820.0,1831.0,1761.0,1830.0,30300
2003-11-12,1265.5384521484375,1790.0,1797.0,1755.0,1760.0,42500
2003-11-13,1251.3980712890625,1770.0,1800.0,1746.0,1800.0,25800
2003-11-14,1266.952392578125,1792.0,1807.0,1768.0,1768.0,16500
2003-11-17,1237.2581787109375,1750.0,1750.0,1600.0,1625.0,26700
2003-11-18,1159.487548828125,1640.0,1680.0,1602.0,1650.0,53300
2003-11-19,1221.70361328125,1728.0,1730.0,1611.0,1649.0,12200
2003-11-20,1173.6278076171875,1660.0,1710.0,1660.0,1676.0,4200
2003-11-21,1187.767822265625,1680.0,1687.0,1665.0,1665.0,11300
2003-11-24,1187.767822265625,1680.0,1680.0,1680.0,1680.0,0
2003-11-25,1216.0477294921875,1720.0,1721.0,1680.0,1721.0,7900
2003-11-26,1213.927001953125,1717.0,1730.0,1701.0,1720.0,23300
2003-11-27,1307.95849609375,1850.0,1850.0,1720.0,1720.0,24400
2003-11-28,1414.0089111328125,2000.0,2000.0,1850.0,1910.0,38600
2003-12-01,1371.5888671875,1940.0,1945.0,1850.0,1850.0,24200
2003-12-02,1399.86962890625,1980.0,2000.0,1945.0,2000.0,54500
2003-12-03,1389.97119140625,1966.0,1974.0,1932.0,1974.0,12300
2003-12-04,1383.6077880859375,1957.0,1968.0,1925.0,1968.0,6900
2003-12-05,1367.3470458984375,1934.0,1956.0,1920.0,1956.0,21100
2003-12-08,1339.773681640625,1895.0,1930.0,1880.0,1930.0,20800
2003-12-09,1343.3087158203125,1900.0,1924.0,1873.0,1900.0,22300
2003-12-10,1319.270263671875,1866.0,1900.0,1847.0,1900.0,28300
2003-12-11,1315.7353515625,1861.0,1861.0,1784.0,1853.0,96700
2003-12-12,1305.130615234375,1846.0,1862.0,1805.0,1862.0,54100
2003-12-15,1284.62744140625,1817.0,1853.0,1782.0,1846.0,30400
2003-12-16,1257.761474609375,1779.0,1780.0,1710.0,1727.0,26700
2003-12-17,1281.7994384765625,1813.0,1839.0,1769.0,1839.0,14300
2003-12-18,1273.3150634765625,1801.0,1859.0,1778.0,1823.0,38600
2003-12-19,1296.6466064453125,1834.0,1834.0,1799.0,1831.0,15200
2003-12-22,1307.95849609375,1850.0,1858.0,1835.0,1835.0,11500
2003-12-23,1307.95849609375,1850.0,1850.0,1850.0,1850.0,0
2003-12-24,1300.1817626953125,1839.0,1890.0,1839.0,1880.0,22400
2003-12-25,1320.6844482421875,1868.0,1868.0,1831.0,1839.0,21500
2003-12-26,1378.6590576171875,1950.0,1999.0,1820.0,1868.0,34500
2003-12-29,1449.3594970703125,2050.0,2050.0,1949.0,1950.0,44100
2003-12-30,1435.2191162109375,2030.0,2050.0,2020.0,2050.0,3500
2003-12-31,1435.2191162109375,2030.0,2030.0,2030.0,2030.0,0
2004-01-01,1435.2191162109375,2030.0,2030.0,2030.0,2030.0,0
2004-01-02,1435.2191162109375,2030.0,2030.0,2030.0,2030.0,0
2004-01-05,1421.0791015625,2010.0,2055.0,2000.0,2055.0,22500
2004-01-06,1389.2637939453125,1965.0,1998.0,1915.0,1970.0,48200
2004-01-07,1356.7418212890625,1919.0,1930.0,1890.0,1930.0,58900
2004-01-08,1341.8946533203125,1898.0,1913.0,1883.0,1913.0,12800
2004-01-09,1336.9454345703125,1891.0,1908.0,1887.0,1908.0,33400
2004-01-12,1336.9454345703125,1891.0,1891.0,1891.0,1891.0,0
2004-01-13,1318.563720703125,1865.0,1883.0,1852.0,1861.0,41300
2004-01-14,1322.098876953125,1870.0,1880.0,1867.0,1880.0,29300
2004-01-15,1299.474853515625,1838.0,1860.0,1810.0,1860.0,43900
2004-01-16,1305.130615234375,1846.0,1850.0,1810.0,1810.0,27000
2004-01-19,1303.7164306640625,1844.0,1860.0,1820.0,1850.0,47100
2004-01-20,1305.130615234375,1846.0,1874.0,1831.0,1874.0,23800
2004-01-21,1307.95849609375,1850.0,1856.0,1840.0,1842.0,34100
2004-01-22,1330.58251953125,1882.0,1895.0,1855.0,1880.0,55900
2004-01-23,1363.105224609375,1928.0,1954.0,1883.0,1898.0,39600
2004-01-26,1365.2257080078125,1931.0,1962.0,1930.0,1936.0,94700
2004-01-27,1352.5,1913.0,1960.0,1911.0,1960.0,57300
2004-01-28,1330.58251953125,1882.0,1922.0,1882.0,1910.0,41400
2004-01-29,1358.8624267578125,1922.0,1932.0,1875.0,1882.0,40100
2004-01-30,1372.2960205078125,1941.0,1945.0,1910.0,1910.0,30400
2004-02-02,1360.2767333984375,1924.0,1940.0,1920.0,1930.0,30100
2004-02-03,1340.4805908203125,1896.0,1902.0,1862.0,1900.0,48900
2004-02-04,1332.70361328125,1885.0,1896.0,1820.0,1896.0,15600
2004-02-05,1294.5255126953125,1831.0,1882.0,1801.0,1855.0,64900
2004-02-06,1278.9713134765625,1809.0,1809.0,1690.0,1801.0,75800
2004-02-09,1286.7486572265625,1820.0,1849.0,1810.0,1849.0,25100
2004-02-10,1249.9842529296875,1768.0,1820.0,1762.0,1820.0,47800
2004-02-11,1249.9842529296875,1768.0,1768.0,1768.0,1768.0,0
2004-02-12,1265.5384521484375,1790.0,1798.0,1781.0,1785.0,33200
2004-02-13,1237.9649658203125,1751.0,1785.0,1751.0,1785.0,16000
2004-02-16,1223.11767578125,1730.0,1730.0,1704.0,1704.0,33300
2004-02-17,1236.5511474609375,1749.0,1750.0,1710.0,1745.0,57100
2004-02-18,1234.4298095703125,1746.0,1755.0,1735.0,1735.0,113400
2004-02-19,1262.0028076171875,1785.0,1791.0,1745.0,1750.0,54100
2004-02-20,1260.589111328125,1783.0,1784.0,1740.0,1740.0,57100
2004-02-23,1297.353759765625,1835.0,1835.0,1778.0,1781.0,70800
2004-02-24,1293.8184814453125,1830.0,1833.0,1800.0,1820.0,76400
2004-02-25,1289.576171875,1824.0,1828.0,1785.0,1800.0,97900
2004-02-26,1285.3343505859375,1818.0,1820.0,1771.0,1802.0,346400
2004-02-27,1285.3343505859375,1818.0,1818.0,1788.0,1788.0,103500
2004-03-01,1293.8184814453125,1830.0,1831.0,1793.0,1799.0,77300
2004-03-02,1343.3087158203125,1900.0,1900.0,1823.0,1830.0,145100
2004-03-03,1335.5318603515625,1889.0,1892.0,1860.0,1870.0,56300
2004-03-04,1336.238525390625,1890.0,1890.0,1870.0,1870.0,53400
2004-03-05,1353.206787109375,1914.0,1915.0,1881.0,1891.0,84300
2004-03-08,1368.0540771484375,1935.0,1960.0,1920.0,1960.0,49900
2004-03-09,1358.1556396484375,1921.0,1929.0,1918.0,1920.0,47900
2004-03-10,1371.5888671875,1940.0,1944.0,1910.0,1920.0,48400
2004-03-11,1386.43603515625,1961.0,1971.0,1932.0,1960.0,66400
2004-03-12,1389.97119140625,1966.0,1976.0,1960.0,1960.0,77300
2004-03-15,1414.0089111328125,2000.0,2030.0,1967.0,1967.0,66700
2004-03-16,1410.4739990234375,1995.0,2010.0,1990.0,2000.0,54900
2004-03-17,1413.302001953125,1999.0,2010.0,1995.0,1995.0,52400
2004-03-18,1403.4044189453125,1985.0,2015.0,1980.0,1999.0,87500
2004-03-19,1399.86962890625,1980.0,2000.0,1963.0,1970.0,37200
2004-03-22,1387.8499755859375,1963.0,1981.0,1960.0,1980.0,26900
2004-03-23,1388.556884765625,1964.0,1991.0,1946.0,1950.0,19400
2004-03-24,1388.556884765625,1964.0,1979.0,1964.0,1970.0,25900
2004-03-25,1388.556884765625,1964.0,1975.0,1920.0,1960.0,29300
2004-03-26,1402.0936279296875,1968.0,1990.0,1965.0,1975.0,28100
2004-03-29,1408.5057373046875,1977.0,1989.0,1972.0,1989.0,38600
2004-03-30,1405.6556396484375,1973.0,1989.0,1970.0,1989.0,38000
2004-03-31,1412.0679931640625,1982.0,1990.0,1965.0,1990.0,24200
2004-04-01,1414.205322265625,1985.0,1995.0,1980.0,1980.0,51400
2004-04-02,1410.64306640625,1980.0,1985.0,1925.0,1984.0,23400
2004-04-05,1424.8916015625,2000.0,2025.0,1990.0,1998.0,70400
2004-04-06,1446.2650146484375,2030.0,2080.0,2000.0,2000.0,58600
2004-04-07,1485.4498291015625,2085.0,2165.0,2030.0,2050.0,141700
2004-04-08,1446.2650146484375,2030.0,2090.0,2000.0,2040.0,47500
2004-04-09,1418.4801025390625,1991.0,2050.0,1981.0,2010.0,50100
2004-04-12,1474.762939453125,2070.0,2080.0,1991.0,1991.0,56500
2004-04-13,1478.3251953125,2075.0,2100.0,2060.0,2060.0,25400
2004-04-14,1460.5137939453125,2050.0,2100.0,2025.0,2055.0,24600
2004-04-15,1418.4801025390625,1991.0,2050.0,1983.0,2045.0,19400
2004-04-16,1449.82763671875,2035.0,2045.0,1980.0,2030.0,19400
2004-04-19,1422.042236328125,1996.0,2025.0,1961.0,2025.0,277800
2004-04-20,1492.57421875,2095.0,2120.0,1977.0,1996.0,48100
2004-04-21,1485.4498291015625,2085.0,2090.0,2010.0,2090.0,106100
2004-04-22,1453.3900146484375,2040.0,2055.0,2015.0,2025.0,25700
2004-04-23,1467.638671875,2060.0,2065.0,2030.0,2030.0,21600
2004-04-26,1481.8873291015625,2080.0,2130.0,2070.0,2130.0,45500
2004-04-27,1474.762939453125,2070.0,2085.0,2070.0,2080.0,33900
2004-04-28,1489.0118408203125,2090.0,2115.0,2075.0,2075.0,77900
2004-04-29,1489.0118408203125,2090.0,2090.0,2090.0,2090.0,0
2004-04-30,1524.634033203125,2140.0,2140.0,2070.0,2095.0,55700
2004-05-03,1524.634033203125,2140.0,2140.0,2140.0,2140.0,0
2004-05-04,1524.634033203125,2140.0,2140.0,2140.0,2140.0,0
2004-05-05,1524.634033203125,2140.0,2140.0,2140.0,2140.0,0
2004-05-06,1542.445556640625,2165.0,2165.0,2115.0,2115.0,62100
2004-05-07,1553.13134765625,2180.0,2195.0,2120.0,2160.0,56800
2004-05-10,1574.5054931640625,2210.0,2210.0,2140.0,2140.0,75300
2004-05-11,1570.9432373046875,2205.0,2205.0,2050.0,2150.0,135800
2004-05-12,1581.6297607421875,2220.0,2230.0,2165.0,2205.0,150000
2004-05-13,1617.2520751953125,2270.0,2270.0,2210.0,2240.0,94700
2004-05-14,1603.0032958984375,2250.0,2295.0,2190.0,2280.0,80000
2004-05-17,1535.321533203125,2155.0,2200.0,2100.0,2200.0,62200
2004-05-18,1528.196533203125,2145.0,2165.0,2105.0,2155.0,86100
2004-05-19,1524.634033203125,2140.0,2155.0,2140.0,2150.0,91800
2004-05-20,1574.5054931640625,2210.0,2235.0,2160.0,2170.0,124100
2004-05-21,1592.3167724609375,2235.0,2275.0,2210.0,2245.0,62900
2004-05-24,1635.063720703125,2295.0,2320.0,2225.0,2245.0,135600
2004-05-25,1627.9393310546875,2285.0,2300.0,2260.0,2300.0,41000
2004-05-26,1684.9344482421875,2365.0,2445.0,2270.0,2325.0,79400
2004-05-27,1773.9898681640625,2490.0,2550.0,2400.0,2430.0,114500
2004-05-28,1877.295166015625,2635.0,2660.0,2490.0,2490.0,174600
2004-05-31,1909.3553466796875,2680.0,2680.0,2545.0,2555.0,102100
2004-06-01,1830.98583984375,2570.0,2670.0,2530.0,2650.0,56900
2004-06-02,1766.8656005859375,2480.0,2540.0,2460.0,2495.0,86900
2004-06-03,1695.6209716796875,2380.0,2490.0,2340.0,2490.0,103700
2004-06-04,1724.119384765625,2420.0,2425.0,2300.0,2400.0,62900
2004-06-07,1749.0545654296875,2455.0,2470.0,2420.0,2425.0,76900
2004-06-08,1695.6209716796875,2380.0,2470.0,2345.0,2465.0,91700
2004-06-09,1692.0595703125,2375.0,2405.0,2360.0,2375.0,26100
2004-06-10,1699.183837890625,2385.0,2400.0,2330.0,2360.0,53800
2004-06-11,1695.6209716796875,2380.0,2385.0,2340.0,2360.0,47600
2004-06-14,1692.0595703125,2375.0,2395.0,2360.0,2380.0,15100
2004-06-15,1692.0595703125,2375.0,2380.0,2310.0,2380.0,22600
2004-06-16,1684.9344482421875,2365.0,2380.0,2345.0,2345.0,12400
2004-06-17,1709.8701171875,2400.0,2400.0,2365.0,2400.0,35800
2004-06-18,1713.4326171875,2405.0,2405.0,2340.0,2400.0,22500
2004-06-21,1692.0595703125,2375.0,2405.0,2350.0,2365.0,20800
2004-06-22,1681.3719482421875,2360.0,2360.0,2300.0,2335.0,54600
2004-06-23,1688.4969482421875,2370.0,2385.0,2335.0,2380.0,22900
2004-06-24,1706.30810546875,2395.0,2400.0,2360.0,2380.0,36700
2004-06-25,1756.179443359375,2465.0,2470.0,2425.0,2445.0,48500
2004-06-28,1752.616943359375,2460.0,2495.0,2420.0,2495.0,24400
2004-06-29,1734.8052978515625,2435.0,2480.0,2420.0,2480.0,16200
2004-06-30,1773.9898681640625,2490.0,2495.0,2455.0,2455.0,58500
2004-07-01,1759.7412109375,2470.0,2495.0,2400.0,2495.0,32700
2004-07-02,1756.179443359375,2465.0,2490.0,2420.0,2450.0,14100
2004-07-05,1766.8656005859375,2480.0,2490.0,2465.0,2475.0,40100
2004-07-06,1766.8656005859375,2480.0,2540.0,2470.0,2480.0,69700
2004-07-07,1731.2435302734375,2430.0,2440.0,2395.0,2400.0,18600
2004-07-08,1745.492919921875,2450.0,2490.0,2430.0,2490.0,29600
2004-07-09,1759.7412109375,2470.0,2480.0,2440.0,2480.0,26400
2004-07-12,1777.552978515625,2495.0,2535.0,2450.0,2450.0,20800
2004-07-13,1770.4281005859375,2485.0,2495.0,2450.0,2495.0,9900
2004-07-14,1749.0545654296875,2455.0,2495.0,2370.0,2495.0,23200
2004-07-15,1741.93017578125,2445.0,2450.0,2400.0,2450.0,18500
2004-07-16,1749.0545654296875,2455.0,2455.0,2365.0,2445.0,14900
2004-07-19,1749.0545654296875,2455.0,2455.0,2455.0,2455.0,0
2004-07-20,1716.994873046875,2410.0,2455.0,2395.0,2455.0,14800
2004-07-21,1734.8052978515625,2435.0,2435.0,2370.0,2370.0,27500
2004-07-22,1741.93017578125,2445.0,2445.0,2315.0,2355.0,34200
2004-07-23,1738.3685302734375,2440.0,2480.0,2370.0,2480.0,31800
2004-07-26,1716.994873046875,2410.0,2465.0,2345.0,2465.0,24900
2004-07-27,1713.4326171875,2405.0,2410.0,2330.0,2410.0,26200
2004-07-28,1670.68603515625,2345.0,2395.0,2225.0,2395.0,69400
2004-07-29,1667.1236572265625,2340.0,2340.0,2240.0,2320.0,33400
2004-07-30,1674.24755859375,2350.0,2350.0,2235.0,2260.0,85100
2004-08-02,1638.625244140625,2300.0,2320.0,2255.0,2320.0,21100
2004-08-03,1603.0032958984375,2250.0,2300.0,2245.0,2285.0,35800
2004-08-04,1631.5010986328125,2290.0,2295.0,2200.0,2225.0,60300
2004-08-05,1627.9393310546875,2285.0,2305.0,2190.0,2305.0,76100
2004-08-06,1567.380615234375,2200.0,2245.0,2200.0,2245.0,27300
2004-08-09,1585.1927490234375,2225.0,2240.0,2120.0,2120.0,30200
2004-08-10,1588.7540283203125,2230.0,2245.0,2200.0,2235.0,18400
2004-08-11,1631.5010986328125,2290.0,2290.0,2215.0,2250.0,37600
2004-08-12,1667.1236572265625,2340.0,2340.0,2250.0,2300.0,28900
2004-08-13,1627.9393310546875,2285.0,2345.0,2265.0,2345.0,29800
2004-08-16,1617.2520751953125,2270.0,2290.0,2245.0,2285.0,19300
2004-08-17,1613.6900634765625,2265.0,2305.0,2235.0,2275.0,19500
2004-08-18,1652.8739013671875,2320.0,2320.0,2250.0,2285.0,26100
2004-08-19,1649.3123779296875,2315.0,2320.0,2280.0,2315.0,27400
2004-08-20,1645.7501220703125,2310.0,2315.0,2285.0,2300.0,18600
2004-08-23,1674.24755859375,2350.0,2350.0,2300.0,2300.0,17200
2004-08-24,1670.68603515625,2345.0,2345.0,2325.0,2340.0,16800
2004-08-25,1695.6209716796875,2380.0,2380.0,2330.0,2345.0,22100
2004-08-26,1631.5010986328125,2290.0,2375.0,2290.0,2340.0,11900
2004-08-27,1681.3719482421875,2360.0,2360.0,2300.0,2325.0,16100
2004-08-30,1688.4969482421875,2370.0,2380.0,2335.0,2380.0,15700
2004-08-31,1706.30810546875,2395.0,2395.0,2335.0,2345.0,22500
2004-09-01,1724.119384765625,2420.0,2420.0,2360.0,2395.0,35000
2004-09-02,1716.994873046875,2410.0,2410.0,2340.0,2400.0,35000
2004-09-03,1688.4969482421875,2370.0,2400.0,2365.0,2390.0,28900
2004-09-06,1702.7454833984375,2390.0,2390.0,2340.0,2360.0,19300
2004-09-07,1692.0595703125,2375.0,2380.0,2345.0,2375.0,14700
2004-09-08,1656.4371337890625,2325.0,2370.0,2325.0,2370.0,14500
2004-09-09,1656.4371337890625,2325.0,2360.0,2325.0,2330.0,28100
2004-09-10,1656.4371337890625,2325.0,2345.0,2310.0,2340.0,40600
2004-09-13,1659.999267578125,2330.0,2330.0,2290.0,2290.0,15600
2004-09-14,1659.999267578125,2330.0,2350.0,2320.0,2335.0,130800
2004-09-15,1674.24755859375,2350.0,2360.0,2300.0,2300.0,36700
2004-09-16,1681.3719482421875,2360.0,2360.0,2310.0,2330.0,50300
2004-09-17,1670.68603515625,2345.0,2360.0,2335.0,2355.0,64600
2004-09-20,1670.68603515625,2345.0,2345.0,2345.0,2345.0,0
2004-09-21,1656.4371337890625,2325.0,2350.0,2320.0,2350.0,34400
2004-09-22,1674.24755859375,2350.0,2350.0,2305.0,2305.0,45200
2004-09-23,1674.24755859375,2350.0,2350.0,2350.0,2350.0,0
2004-09-24,1670.68603515625,2345.0,2345.0,2300.0,2320.0,58500
2004-09-27,1695.7281494140625,2370.0,2370.0,2310.0,2340.0,41400
2004-09-28,1684.9952392578125,2355.0,2375.0,2300.0,2375.0,84600
2004-09-29,1684.9952392578125,2355.0,2360.0,2320.0,2355.0,27600
2004-09-30,1670.6859130859375,2335.0,2360.0,2335.0,2360.0,45100
2004-10-01,1684.9952392578125,2355.0,2355.0,2305.0,2305.0,19700
2004-10-04,1699.3062744140625,2375.0,2375.0,2340.0,2355.0,18300
2004-10-05,1710.0379638671875,2390.0,2390.0,2370.0,2380.0,31200
2004-10-06,1702.8826904296875,2380.0,2390.0,2375.0,2390.0,15900
2004-10-07,1706.4610595703125,2385.0,2385.0,2370.0,2375.0,16200
2004-10-08,1713.6156005859375,2395.0,2395.0,2345.0,2390.0,17200
2004-10-11,1713.6156005859375,2395.0,2395.0,2395.0,2395.0,0
2004-10-12,1692.1505126953125,2365.0,2390.0,2350.0,2390.0,11900
2004-10-13,1688.5726318359375,2360.0,2370.0,2340.0,2365.0,6900
2004-10-14,1710.0379638671875,2390.0,2390.0,2320.0,2360.0,13300
2004-10-15,1681.4178466796875,2350.0,2360.0,2310.0,2360.0,25700
2004-10-18,1670.6859130859375,2335.0,2380.0,2320.0,2350.0,19700
2004-10-19,1656.3758544921875,2315.0,2355.0,2315.0,2355.0,19400
2004-10-20,1631.3331298828125,2280.0,2310.0,2260.0,2310.0,37700
2004-10-21,1613.4456787109375,2255.0,2270.0,2255.0,2265.0,10900
2004-10-22,1638.488525390625,2290.0,2290.0,2270.0,2275.0,19500
2004-10-25,1624.1787109375,2270.0,2275.0,2255.0,2270.0,10800
2004-10-26,1620.6009521484375,2265.0,2285.0,2250.0,2260.0,17000
2004-10-27,1609.868408203125,2250.0,2265.0,2245.0,2265.0,8000
2004-10-28,1624.1787109375,2270.0,2270.0,2245.0,2260.0,16900
2004-10-29,1681.4178466796875,2350.0,2350.0,2260.0,2270.0,23200
2004-11-01,1649.2208251953125,2305.0,2340.0,2295.0,2340.0,11000
2004-11-02,1631.3331298828125,2280.0,2310.0,2265.0,2285.0,16400
2004-11-03,1631.3331298828125,2280.0,2280.0,2280.0,2280.0,0
2004-11-04,1638.488525390625,2290.0,2330.0,2260.0,2280.0,76500
2004-11-05,1663.5308837890625,2325.0,2345.0,2295.0,2330.0,37600
2004-11-08,1652.79833984375,2310.0,2320.0,2295.0,2320.0,12200
2004-11-09,1638.488525390625,2290.0,2310.0,2275.0,2310.0,8900
2004-11-10,1638.488525390625,2290.0,2300.0,2275.0,2300.0,16000
2004-11-11,1681.4178466796875,2350.0,2350.0,2280.0,2300.0,41500
2004-11-12,1667.1083984375,2330.0,2330.0,2310.0,2315.0,22900
2004-11-15,1677.84130859375,2345.0,2360.0,2330.0,2340.0,21600
2004-11-16,1652.79833984375,2310.0,2345.0,2260.0,2345.0,53100
2004-11-17,1620.6009521484375,2265.0,2315.0,2215.0,2315.0,66700
2004-11-18,1613.4456787109375,2255.0,2315.0,2255.0,2280.0,43600
2004-11-19,1638.488525390625,2290.0,2295.0,2230.0,2230.0,22600
2004-11-22,1624.1787109375,2270.0,2275.0,2225.0,2275.0,54400
2004-11-23,1624.1787109375,2270.0,2270.0,2270.0,2270.0,0
2004-11-24,1617.0230712890625,2260.0,2295.0,2240.0,2255.0,25000
2004-11-25,1624.1787109375,2270.0,2270.0,2235.0,2260.0,30400
2004-11-26,1624.1787109375,2270.0,2270.0,2235.0,2270.0,29600
2004-11-29,1652.79833984375,2310.0,2310.0,2255.0,2275.0,14100
2004-11-30,1677.84130859375,2345.0,2345.0,2280.0,2310.0,24100
2004-12-01,1667.1083984375,2330.0,2340.0,2275.0,2340.0,29600
2004-12-02,1667.1083984375,2330.0,2345.0,2285.0,2345.0,44400
2004-12-03,1656.3758544921875,2315.0,2370.0,2300.0,2370.0,36600
2004-12-06,1634.9112548828125,2285.0,2345.0,2275.0,2345.0,75200
2004-12-07,1634.9112548828125,2285.0,2290.0,2270.0,2290.0,11300
2004-12-08,1631.3331298828125,2280.0,2280.0,2260.0,2270.0,18000
2004-12-09,1631.3331298828125,2280.0,2295.0,2250.0,2285.0,44100
2004-12-10,1642.0660400390625,2295.0,2300.0,2260.0,2275.0,30200
2004-12-13,1652.79833984375,2310.0,2315.0,2275.0,2310.0,27200
2004-12-14,1674.2635498046875,2340.0,2340.0,2310.0,2315.0,40200
2004-12-15,1681.4178466796875,2350.0,2380.0,2350.0,2355.0,55700
2004-12-16,1695.7281494140625,2370.0,2380.0,2350.0,2380.0,33100
2004-12-17,1656.3758544921875,2315.0,2350.0,2280.0,2350.0,58400
2004-12-20,1649.2208251953125,2305.0,2315.0,2300.0,2300.0,25400
2004-12-21,1631.3331298828125,2280.0,2320.0,2250.0,2320.0,39300
2004-12-22,1617.0230712890625,2260.0,2285.0,2235.0,2285.0,42000
2004-12-23,1617.0230712890625,2260.0,2260.0,2260.0,2260.0,0
2004-12-24,1624.1787109375,2270.0,2280.0,2260.0,2280.0,37100
2004-12-27,1620.6009521484375,2265.0,2285.0,2260.0,2285.0,18900
2004-12-28,1624.1787109375,2270.0,2270.0,2230.0,2260.0,30400
2004-12-29,1649.2208251953125,2305.0,2310.0,2280.0,2280.0,24100
2004-12-30,1667.1083984375,2330.0,2340.0,2315.0,2320.0,10600
2004-12-31,1667.1083984375,2330.0,2330.0,2330.0,2330.0,0
2005-01-03,1667.1083984375,2330.0,2330.0,2330.0,2330.0,0
2005-01-04,1681.4178466796875,2350.0,2350.0,2300.0,2335.0,9700
2005-01-05,1659.95263671875,2320.0,2350.0,2315.0,2345.0,18500
2005-01-06,1649.2208251953125,2305.0,2330.0,2290.0,2290.0,6500
2005-01-07,1649.2208251953125,2305.0,2330.0,2255.0,2330.0,12500
2005-01-10,1649.2208251953125,2305.0,2305.0,2305.0,2305.0,0
2005-01-11,1670.6859130859375,2335.0,2345.0,2310.0,2315.0,11700
2005-01-12,1638.488525390625,2290.0,2320.0,2285.0,2315.0,12000
2005-01-13,1770.85498046875,2475.0,2690.0,2455.0,2690.0,271900
2005-01-14,1795.8974609375,2510.0,2550.0,2395.0,2455.0,123400
2005-01-17,1795.8974609375,2510.0,2560.0,2480.0,2540.0,50800
2005-01-18,1781.58740234375,2490.0,2535.0,2465.0,2535.0,43300
2005-01-19,1792.3206787109375,2505.0,2515.0,2480.0,2500.0,47800
2005-01-20,1763.700439453125,2465.0,2480.0,2440.0,2470.0,54100
2005-01-21,1770.85498046875,2475.0,2490.0,2445.0,2460.0,23200
2005-01-24,1742.235107421875,2435.0,2480.0,2415.0,2455.0,50600
2005-01-25,1749.39013671875,2445.0,2470.0,2435.0,2445.0,17600
2005-01-26,1749.39013671875,2445.0,2475.0,2445.0,2475.0,8100
2005-01-27,1749.39013671875,2445.0,2460.0,2445.0,2450.0,7500
2005-01-28,1778.0101318359375,2485.0,2500.0,2435.0,2435.0,40000
2005-01-31,1792.3206787109375,2505.0,2525.0,2480.0,2490.0,66900
2005-02-01,1921.109375,2685.0,2685.0,2525.0,2545.0,127100
2005-02-02,1949.729736328125,2725.0,2765.0,2690.0,2690.0,157500
2005-02-03,1960.4617919921875,2740.0,2765.0,2735.0,2765.0,45400
2005-02-04,1989.0821533203125,2780.0,2795.0,2735.0,2770.0,62500
2005-02-07,2028.4346923828125,2835.0,2845.0,2785.0,2845.0,48900
2005-02-08,2010.546630859375,2810.0,2830.0,2795.0,2795.0,29800
2005-02-09,1996.2369384765625,2790.0,2825.0,2770.0,2815.0,39700
2005-02-10,1985.5045166015625,2775.0,2790.0,2775.0,2790.0,34800
2005-02-11,1985.5045166015625,2775.0,2775.0,2775.0,2775.0,0
2005-02-14,1974.7723388671875,2760.0,2780.0,2750.0,2775.0,9700
2005-02-15,1981.9268798828125,2770.0,2770.0,2730.0,2730.0,12500
2005-02-16,1981.9268798828125,2770.0,2770.0,2730.0,2730.0,19100
2005-02-17,1964.0400390625,2745.0,2745.0,2680.0,2730.0,22700
2005-02-18,1981.9268798828125,2770.0,2775.0,2705.0,2750.0,15800
2005-02-21,1996.2369384765625,2790.0,2795.0,2750.0,2770.0,21900
2005-02-22,1978.3494873046875,2765.0,2820.0,2760.0,2765.0,22200
2005-02-23,1999.814208984375,2795.0,2795.0,2750.0,2770.0,67600
2005-02-24,2003.3924560546875,2800.0,2820.0,2770.0,2820.0,25400
2005-02-25,2096.40625,2930.0,3000.0,2770.0,2785.0,131300
2005-02-28,2114.29443359375,2955.0,2955.0,2860.0,2890.0,74100
2005-03-01,2110.716064453125,2950.0,2980.0,2930.0,2980.0,36200
2005-03-02,2135.758544921875,2985.0,3050.0,2975.0,2980.0,68100
2005-03-03,2139.335693359375,2990.0,3070.0,2985.0,3010.0,51600
2005-03-04,2146.491943359375,3000.0,3010.0,2940.0,2950.0,22800
2005-03-07,2121.449462890625,2965.0,3000.0,2910.0,2970.0,44400
2005-03-08,2092.8291015625,2925.0,2955.0,2870.0,2925.0,32500
2005-03-09,2082.096923828125,2910.0,2920.0,2880.0,2890.0,17900
2005-03-10,2071.363525390625,2895.0,2910.0,2885.0,2900.0,8800
2005-03-11,2057.05419921875,2875.0,2915.0,2875.0,2900.0,49200
2005-03-14,2042.7447509765625,2855.0,2860.0,2835.0,2835.0,31700
2005-03-15,2039.166748046875,2850.0,2860.0,2775.0,2855.0,45800
2005-03-16,2042.7447509765625,2855.0,2890.0,2825.0,2850.0,13700
2005-03-17,2028.4346923828125,2835.0,2895.0,2800.0,2895.0,21800
2005-03-18,2032.011962890625,2840.0,2895.0,2840.0,2875.0,13500
2005-03-21,2032.011962890625,2840.0,2840.0,2840.0,2840.0,0
2005-03-22,2142.9130859375,2995.0,3000.0,2900.0,2920.0,57200
2005-03-23,2153.6474609375,3010.0,3020.0,2975.0,3000.0,54900
2005-03-24,2139.335693359375,2990.0,3010.0,2950.0,3010.0,20200
2005-03-25,2146.491943359375,3000.0,3000.0,2970.0,2990.0,32400
2005-03-28,2150.093017578125,2985.0,2985.0,2950.0,2950.0,20600
2005-03-29,2175.30322265625,3020.0,3020.0,2980.0,2985.0,46900
2005-03-30,2182.506103515625,3030.0,3030.0,2980.0,2995.0,36300
2005-03-31,2340.9716796875,3250.0,3340.0,3040.0,3050.0,108000
2005-04-01,2290.55029296875,3180.0,3250.0,3130.0,3250.0,60200
2005-04-04,2290.55029296875,3180.0,3190.0,3080.0,3090.0,67300
2005-04-05,2297.753662109375,3190.0,3210.0,3180.0,3180.0,86800
2005-04-06,2312.160400390625,3210.0,3240.0,3180.0,3240.0,44800
2005-04-07,2376.9873046875,3300.0,3370.0,3260.0,3260.0,58100
2005-04-08,2369.7841796875,3290.0,3320.0,3270.0,3310.0,56600
2005-04-11,2405.798828125,3340.0,3430.0,3300.0,3340.0,48200
2005-04-12,2391.39306640625,3320.0,3340.0,3310.0,3340.0,30200
2005-04-13,2405.798828125,3340.0,3360.0,3320.0,3330.0,38000
2005-04-14,2376.9873046875,3300.0,3340.0,3280.0,3340.0,20400
2005-04-15,2384.18994140625,3310.0,3310.0,3250.0,3250.0,19900
2005-04-18,2340.9716796875,3250.0,3280.0,3170.0,3280.0,149100
2005-04-19,2297.753662109375,3190.0,3200.0,3090.0,3180.0,76800
2005-04-20,2297.753662109375,3190.0,3220.0,3100.0,3210.0,50600
2005-04-21,2268.942626953125,3150.0,3150.0,3040.0,3040.0,47500
2005-04-22,2290.55029296875,3180.0,3240.0,3140.0,3200.0,23800
2005-04-25,2290.55029296875,3180.0,3210.0,3170.0,3170.0,22000
2005-04-26,2276.1455078125,3160.0,3160.0,3110.0,3130.0,33900
2005-04-27,2268.942626953125,3150.0,3170.0,3100.0,3110.0,23200
2005-04-28,2283.3486328125,3170.0,3200.0,3110.0,3170.0,24900
2005-04-29,2283.3486328125,3170.0,3170.0,3170.0,3170.0,0
2005-05-02,2276.1455078125,3160.0,3160.0,3110.0,3160.0,11000
2005-05-03,2276.1455078125,3160.0,3160.0,3160.0,3160.0,0
2005-05-04,2276.1455078125,3160.0,3160.0,3160.0,3160.0,0
2005-05-05,2276.1455078125,3160.0,3160.0,3160.0,3160.0,0
2005-05-06,2304.957275390625,3200.0,3230.0,3150.0,3200.0,24700
2005-05-09,2391.39306640625,3320.0,3430.0,3040.0,3190.0,167100
2005-05-10,2340.9716796875,3250.0,3350.0,3150.0,3320.0,113200
2005-05-11,2340.9716796875,3250.0,3270.0,3200.0,3200.0,85100
2005-05-12,2326.566162109375,3230.0,3250.0,3180.0,3250.0,42100
2005-05-13,2326.566162109375,3230.0,3230.0,3140.0,3220.0,56400
2005-05-16,2304.957275390625,3200.0,3230.0,3160.0,3230.0,83700
2005-05-17,2063.65673828125,2865.0,3170.0,2865.0,3170.0,167400
2005-05-18,1995.2286376953125,2770.0,2915.0,2725.0,2870.0,129300
2005-05-19,1988.0255126953125,2760.0,2845.0,2720.0,2805.0,50400
2005-05-20,1980.822509765625,2750.0,2840.0,2745.0,2840.0,42000
2005-05-23,1948.4085693359375,2705.0,2720.0,2675.0,2710.0,26500
2005-05-24,2038.44677734375,2830.0,2860.0,2715.0,2715.0,126000
2005-05-25,1966.4168701171875,2730.0,2815.0,2725.0,2805.0,42700
2005-05-26,1930.402099609375,2680.0,2740.0,2555.0,2710.0,32700
2005-05-27,1948.4085693359375,2705.0,2730.0,2685.0,2685.0,41500
2005-05-30,1930.402099609375,2680.0,2740.0,2640.0,2740.0,30500
2005-05-31,1980.822509765625,2750.0,2765.0,2720.0,2740.0,26300
2005-06-01,1973.618896484375,2740.0,2755.0,2720.0,2755.0,21100
2005-06-02,1977.2208251953125,2745.0,2790.0,2745.0,2770.0,23400
2005-06-03,1973.618896484375,2740.0,2765.0,2710.0,2720.0,19700
2005-06-06,1955.6116943359375,2715.0,2745.0,2690.0,2745.0,21200
2005-06-07,1962.8150634765625,2725.0,2730.0,2695.0,2700.0,29300
2005-06-08,2042.0474853515625,2835.0,2835.0,2735.0,2750.0,67100
2005-06-09,2002.431640625,2780.0,2845.0,2770.0,2835.0,27800
2005-06-10,2027.642333984375,2815.0,2820.0,2785.0,2805.0,23800
2005-06-13,2099.6728515625,2915.0,2925.0,2825.0,2825.0,42600
2005-06-14,2110.47607421875,2930.0,2945.0,2920.0,2920.0,24100
2005-06-15,2117.67919921875,2940.0,2945.0,2875.0,2945.0,23600
2005-06-16,2261.738525390625,3140.0,3170.0,2970.0,2980.0,104900
2005-06-17,2196.91162109375,3050.0,3150.0,3050.0,3150.0,53800
2005-06-20,2175.30322265625,3020.0,3130.0,3010.0,3100.0,30000
2005-06-21,2204.11474609375,3060.0,3080.0,3020.0,3030.0,18700
2005-06-22,2175.30322265625,3020.0,3070.0,3000.0,3070.0,18000
2005-06-23,2150.093017578125,2985.0,3030.0,2980.0,3030.0,9000
2005-06-24,2160.8974609375,3000.0,3020.0,2960.0,3020.0,15100
2005-06-27,2132.08544921875,2960.0,3010.0,2930.0,3010.0,40300
2005-06-28,2150.093017578125,2985.0,2995.0,2945.0,2960.0,36600
2005-06-29,2204.11474609375,3060.0,3070.0,3000.0,3020.0,44700
2005-06-30,2225.72412109375,3090.0,3120.0,3060.0,3060.0,32100
2005-07-01,2232.926513671875,3100.0,3130.0,3090.0,3090.0,22600
2005-07-04,2268.942626953125,3150.0,3180.0,3100.0,3140.0,32900
2005-07-05,2276.1455078125,3160.0,3180.0,3130.0,3160.0,30400
2005-07-06,2232.926513671875,3100.0,3130.0,3090.0,3110.0,16200
2005-07-07,2211.318115234375,3070.0,3080.0,3060.0,3070.0,19400
2005-07-08,2182.506103515625,3030.0,3100.0,3030.0,3060.0,16600
2005-07-11,2182.506103515625,3030.0,3070.0,3030.0,3070.0,12500
2005-07-12,2247.333251953125,3120.0,3130.0,2960.0,3020.0,56600
2005-07-13,2304.957275390625,3200.0,3210.0,3100.0,3120.0,54900
2005-07-14,2340.9716796875,3250.0,3290.0,3210.0,3230.0,44800
2005-07-15,2333.769287109375,3240.0,3260.0,3190.0,3220.0,61900
2005-07-18,2333.769287109375,3240.0,3240.0,3240.0,3240.0,0
2005-07-19,2333.769287109375,3240.0,3260.0,3200.0,3230.0,36200
2005-07-20,2413.001953125,3350.0,3380.0,3280.0,3280.0,55600
2005-07-21,2376.9873046875,3300.0,3340.0,3300.0,3340.0,21200
2005-07-22,2348.1748046875,3260.0,3270.0,3220.0,3260.0,10800
2005-07-25,2398.595458984375,3330.0,3520.0,3330.0,3500.0,56600
2005-07-26,2333.769287109375,3240.0,3300.0,3170.0,3300.0,39400
2005-07-27,2340.9716796875,3250.0,3250.0,3170.0,3220.0,31200
2005-07-28,2304.957275390625,3200.0,3220.0,3190.0,3200.0,15600
2005-07-29,2384.18994140625,3310.0,3340.0,3250.0,3250.0,31100
2005-08-01,2391.39306640625,3320.0,3330.0,3290.0,3300.0,27400
2005-08-02,2405.798828125,3340.0,3350.0,3310.0,3310.0,22300
2005-08-03,2376.9873046875,3300.0,3330.0,3260.0,3320.0,28100
2005-08-04,2376.9873046875,3300.0,3310.0,3250.0,3250.0,48000
2005-08-05,2513.84375,3490.0,3540.0,3370.0,3400.0,201300
2005-08-08,2470.625732421875,3430.0,3430.0,3360.0,3400.0,78300
2005-08-09,2441.81396484375,3390.0,3490.0,3370.0,3380.0,27000
2005-08-10,2485.032470703125,3450.0,3460.0,3400.0,3400.0,23200
2005-08-11,2571.468017578125,3570.0,3570.0,3450.0,3480.0,46000
2005-08-12,2564.26513671875,3560.0,3570.0,3550.0,3550.0,26000
2005-08-15,2614.685546875,3630.0,3650.0,3570.0,3570.0,36700
2005-08-16,2657.90380859375,3690.0,3700.0,3620.0,3680.0,16300
2005-08-17,2621.88916015625,3640.0,3750.0,3640.0,3690.0,47400
2005-08-18,2636.29443359375,3660.0,3690.0,3640.0,3670.0,38600
2005-08-19,2643.496826171875,3670.0,3690.0,3670.0,3690.0,29500
2005-08-22,2650.701416015625,3680.0,3730.0,3610.0,3680.0,64800
2005-08-23,2557.0615234375,3550.0,3690.0,3540.0,3670.0,63100
2005-08-24,2528.25,3510.0,3580.0,3500.0,3500.0,52600
2005-08-25,2506.641357421875,3480.0,3540.0,3460.0,3480.0,43000
2005-08-26,2492.234375,3460.0,3530.0,3450.0,3490.0,47600
2005-08-29,2485.032470703125,3450.0,3500.0,3450.0,3450.0,34200
2005-08-30,2499.438232421875,3470.0,3490.0,3460.0,3460.0,28800
2005-08-31,2499.438232421875,3470.0,3480.0,3470.0,3480.0,14100
2005-09-01,2470.625732421875,3430.0,3490.0,3430.0,3480.0,21300
2005-09-02,2470.625732421875,3430.0,3460.0,3430.0,3460.0,14200
2005-09-05,2477.82861328125,3440.0,3450.0,3410.0,3450.0,31400
2005-09-06,2355.37841796875,3270.0,3450.0,3190.0,3450.0,55300
2005-09-07,2398.595458984375,3330.0,3360.0,3300.0,3320.0,77800
2005-09-08,2362.5810546875,3280.0,3340.0,3260.0,3340.0,25000
2005-09-09,2369.7841796875,3290.0,3290.0,3240.0,3290.0,46300
2005-09-12,2391.39306640625,3320.0,3390.0,3310.0,3320.0,31500
2005-09-13,2376.9873046875,3300.0,3350.0,3280.0,3320.0,48700
2005-09-14,2369.7841796875,3290.0,3330.0,3260.0,3260.0,50800
2005-09-15,2449.017333984375,3400.0,3470.0,3360.0,3360.0,109600
2005-09-16,2463.4228515625,3420.0,3430.0,3400.0,3410.0,62800
2005-09-19,2463.4228515625,3420.0,3420.0,3420.0,3420.0,0
2005-09-20,2499.438232421875,3470.0,3470.0,3440.0,3450.0,63800
2005-09-21,2513.84375,3490.0,3510.0,3480.0,3500.0,63400
2005-09-22,2434.610107421875,3380.0,3500.0,3360.0,3490.0,46800
2005-09-23,2434.610107421875,3380.0,3380.0,3380.0,3380.0,0
2005-09-26,2441.81396484375,3390.0,3390.0,3330.0,3340.0,52900
2005-09-27,2416.4912109375,3340.0,3380.0,3330.0,3360.0,29600
2005-09-28,2474.37109375,3420.0,3430.0,3330.0,3330.0,31100
2005-09-29,2525.016357421875,3490.0,3610.0,3380.0,3430.0,63800
2005-09-30,2459.90185546875,3400.0,3500.0,3400.0,3440.0,48500
2005-10-03,2481.60595703125,3430.0,3450.0,3360.0,3360.0,33000
2005-10-04,2496.0771484375,3450.0,3450.0,3400.0,3400.0,22500
2005-10-05,2474.37109375,3420.0,3460.0,3400.0,3460.0,16700
2005-10-06,2409.255859375,3330.0,3430.0,3330.0,3400.0,16000
2005-10-07,2387.551513671875,3300.0,3360.0,3300.0,3320.0,21300
2005-10-10,2387.551513671875,3300.0,3300.0,3300.0,3300.0,0
2005-10-11,2438.196533203125,3370.0,3390.0,3330.0,3380.0,18600
2005-10-12,2445.430419921875,3380.0,3420.0,3370.0,3400.0,19600
2005-10-13,2380.31640625,3290.0,3380.0,3260.0,3360.0,47300
2005-10-14,2329.671142578125,3220.0,3290.0,3180.0,3270.0,39800
2005-10-17,2293.49658203125,3170.0,3250.0,3130.0,3230.0,40200
2005-10-18,2264.556396484375,3130.0,3190.0,3050.0,3190.0,63500
2005-10-19,2307.9658203125,3190.0,3220.0,3120.0,3180.0,78300
2005-10-20,2358.611328125,3260.0,3350.0,3200.0,3240.0,79200
2005-10-21,2307.9658203125,3190.0,3230.0,3130.0,3160.0,117800
2005-10-24,2336.906494140625,3230.0,3290.0,3220.0,3290.0,41700
2005-10-25,2336.906494140625,3230.0,3280.0,3190.0,3280.0,32400
2005-10-26,2344.1416015625,3240.0,3240.0,3190.0,3230.0,34600
2005-10-27,2351.3759765625,3250.0,3260.0,3220.0,3260.0,10600
2005-10-28,2380.31640625,3290.0,3290.0,3230.0,3230.0,14400
2005-10-31,2445.430419921875,3380.0,3410.0,3350.0,3390.0,45100
2005-11-01,2481.60595703125,3430.0,3430.0,3390.0,3390.0,5500
2005-11-02,2691.421630859375,3720.0,3750.0,3560.0,3600.0,199400
2005-11-03,2279.026611328125,3150.0,3150.0,3150.0,3150.0,199400
2005-11-04,2727.59619140625,3770.0,3880.0,3730.0,3750.0,110400
2005-11-07,2742.06689453125,3790.0,3800.0,3750.0,3790.0,40800
2005-11-08,2727.59619140625,3770.0,3790.0,3770.0,3780.0,24800
2005-11-09,2727.59619140625,3770.0,3780.0,3740.0,3770.0,44600
2005-11-10,2734.831298828125,3780.0,3790.0,3690.0,3720.0,50400
2005-11-11,2705.891357421875,3740.0,3780.0,3730.0,3760.0,86000
2005-11-14,2669.716552734375,3690.0,3750.0,3690.0,3750.0,34400
2005-11-15,2669.716552734375,3690.0,3730.0,3660.0,3670.0,61400
2005-11-16,2698.65625,3730.0,3800.0,3620.0,3680.0,143300
2005-11-17,2640.7763671875,3650.0,3690.0,3620.0,3650.0,68400
2005-11-18,2604.601318359375,3600.0,3640.0,3560.0,3620.0,65600
2005-11-21,2611.83642578125,3610.0,3670.0,3550.0,3550.0,85400
2005-11-22,2626.30615234375,3630.0,3640.0,3580.0,3610.0,47600
2005-11-23,2626.30615234375,3630.0,3630.0,3630.0,3630.0,0
2005-11-24,2597.3662109375,3590.0,3660.0,3590.0,3610.0,52500
2005-11-25,2619.071044921875,3620.0,3620.0,3570.0,3600.0,16600
2005-11-28,2648.011474609375,3660.0,3670.0,3610.0,3610.0,67600
2005-11-29,2669.716552734375,3690.0,3730.0,3650.0,3660.0,76500
2005-11-30,2669.716552734375,3690.0,3720.0,3660.0,3720.0,34300
2005-12-01,2669.716552734375,3690.0,3720.0,3670.0,3680.0,16800
2005-12-02,2662.482177734375,3680.0,3730.0,3670.0,3700.0,52500
2005-12-05,2684.1865234375,3710.0,3740.0,3680.0,3700.0,94700
2005-12-06,2626.30615234375,3630.0,3710.0,3630.0,3710.0,69100
2005-12-07,2655.245849609375,3670.0,3670.0,3620.0,3660.0,25200
2005-12-08,2561.191650390625,3540.0,3620.0,3510.0,3620.0,31700
2005-12-09,2532.2509765625,3500.0,3520.0,3470.0,3500.0,79900
2005-12-12,2597.3662109375,3590.0,3590.0,3510.0,3510.0,39200
2005-12-13,2640.7763671875,3650.0,3670.0,3610.0,3640.0,40400
2005-12-14,2669.716552734375,3690.0,3690.0,3620.0,3670.0,50000
2005-12-15,2691.421630859375,3720.0,3760.0,3670.0,3700.0,118800
2005-12-16,2676.9521484375,3700.0,3760.0,3690.0,3730.0,45400
2005-12-19,2720.361328125,3760.0,3810.0,3740.0,3740.0,41800
2005-12-20,2807.180908203125,3880.0,3980.0,3800.0,3800.0,55600
2005-12-21,2763.77099609375,3820.0,3950.0,3810.0,3950.0,30800
2005-12-22,2763.77099609375,3820.0,3890.0,3800.0,3800.0,18600
2005-12-23,2763.77099609375,3820.0,3820.0,3820.0,3820.0,0
2005-12-26,2756.536376953125,3810.0,3930.0,3780.0,3910.0,25800
2005-12-27,2799.9462890625,3870.0,3920.0,3800.0,3820.0,26000
2005-12-28,2814.416259765625,3890.0,3890.0,3800.0,3820.0,18100
2005-12-29,2785.476318359375,3850.0,3890.0,3800.0,3840.0,25100
2005-12-30,2713.126708984375,3750.0,3800.0,3720.0,3800.0,31100
2006-01-02,2713.126708984375,3750.0,3750.0,3750.0,3750.0,0
2006-01-03,2713.126708984375,3750.0,3750.0,3750.0,3750.0,0
2006-01-04,2720.361328125,3760.0,3800.0,3720.0,3800.0,13600
2006-01-05,2756.536376953125,3810.0,3890.0,3790.0,3810.0,50400
2006-01-06,2865.061767578125,3960.0,4030.0,3860.0,3900.0,63800
2006-01-09,2865.061767578125,3960.0,3960.0,3960.0,3960.0,0
2006-01-10,2937.410888671875,4060.0,4210.0,4020.0,4210.0,69200
2006-01-11,2857.826416015625,3950.0,4010.0,3900.0,4000.0,51300
2006-01-12,2937.410888671875,4060.0,4080.0,3970.0,4000.0,34700
2006-01-13,2937.410888671875,4060.0,4100.0,4010.0,4060.0,67000
2006-01-16,2872.296630859375,3970.0,4030.0,3930.0,4010.0,63700
2006-01-17,2872.296630859375,3970.0,4020.0,3970.0,3970.0,71100
2006-01-18,2756.536376953125,3810.0,3950.0,3600.0,3950.0,86400
2006-01-19,2872.296630859375,3970.0,3990.0,3800.0,3900.0,80000
2006-01-20,2886.7666015625,3990.0,4050.0,3970.0,4000.0,55200
2006-01-23,2872.296630859375,3970.0,4020.0,3950.0,3950.0,51200
2006-01-24,2937.410888671875,4060.0,4100.0,3980.0,3980.0,37500
2006-01-25,3031.466552734375,4190.0,4300.0,4060.0,4060.0,45300
2006-01-26,3096.581298828125,4280.0,4280.0,4180.0,4200.0,36100
2006-01-27,3161.697509765625,4370.0,4460.0,4310.0,4370.0,27200
2006-01-30,3241.28125,4480.0,4550.0,4370.0,4400.0,29600
2006-01-31,3212.341796875,4440.0,4450.0,4360.0,4450.0,28300
2006-02-01,3132.757568359375,4330.0,4420.0,4290.0,4360.0,30100
2006-02-02,3270.220703125,4520.0,4550.0,4310.0,4310.0,65900
2006-02-03,3154.4609375,4360.0,4550.0,4340.0,4500.0,55500
2006-02-06,3291.927978515625,4550.0,4610.0,4500.0,4610.0,72200
2006-02-07,3168.931884765625,4380.0,4450.0,4320.0,4450.0,65500
2006-02-08,3111.051513671875,4300.0,4450.0,4300.0,4360.0,56100
2006-02-09,3154.4609375,4360.0,4360.0,4150.0,4280.0,68500
2006-02-10,3016.996337890625,4170.0,4330.0,4110.0,4310.0,33300
2006-02-13,3031.466552734375,4190.0,4270.0,4180.0,4270.0,61400
2006-02-14,3002.52685546875,4150.0,4190.0,4000.0,4140.0,61200
2006-02-15,3009.761962890625,4160.0,4250.0,4150.0,4200.0,47100
2006-02-16,2930.1767578125,4050.0,4150.0,4030.0,4140.0,30900
2006-02-17,2937.410888671875,4060.0,4150.0,4050.0,4050.0,34100
2006-02-20,2894.001220703125,4000.0,4080.0,3900.0,4050.0,66000
2006-02-21,2872.296630859375,3970.0,4000.0,3850.0,3900.0,29600
2006-02-22,2843.356689453125,3930.0,3990.0,3830.0,3930.0,31500
2006-02-23,2865.061767578125,3960.0,4060.0,3890.0,3890.0,31000
2006-02-24,2843.356689453125,3930.0,4000.0,3880.0,3970.0,41100
2006-02-27,2857.826416015625,3950.0,4100.0,3940.0,3960.0,95400
2006-02-28,2908.4716796875,4020.0,4070.0,3950.0,3960.0,54300
2006-03-01,2763.77099609375,3820.0,3970.0,3740.0,3970.0,117700
2006-03-02,2742.06689453125,3790.0,3870.0,3790.0,3820.0,25600
2006-03-03,2742.06689453125,3790.0,3870.0,3730.0,3750.0,79700
2006-03-06,2727.59619140625,3770.0,3820.0,3720.0,3760.0,37300
2006-03-07,2727.59619140625,3770.0,3800.0,3770.0,3800.0,19700
2006-03-08,2727.59619140625,3770.0,3840.0,3730.0,3770.0,47700
2006-03-09,2705.891357421875,3740.0,3750.0,3670.0,3700.0,122700
2006-03-10,2727.59619140625,3770.0,3770.0,3680.0,3690.0,85900
2006-03-13,2828.886962890625,3910.0,3940.0,3830.0,3870.0,74200
2006-03-14,2836.121337890625,3920.0,3970.0,3870.0,3950.0,57400
2006-03-15,2821.651611328125,3900.0,3960.0,3880.0,3950.0,53600
2006-03-16,2792.712158203125,3860.0,3950.0,3860.0,3900.0,30700
2006-03-17,2857.826416015625,3950.0,3960.0,3890.0,3910.0,68900
2006-03-20,2951.88134765625,4080.0,4130.0,4020.0,4040.0,57600
2006-03-21,2951.88134765625,4080.0,4080.0,4080.0,4080.0,0
2006-03-22,2959.1162109375,4090.0,4120.0,4030.0,4050.0,31300
2006-03-23,2995.291015625,4140.0,4230.0,4060.0,4060.0,64800
2006-03-24,2922.942138671875,4040.0,4140.0,4030.0,4110.0,38800
2006-03-27,2879.531494140625,3980.0,4040.0,3960.0,3990.0,89500
2006-03-28,2905.014404296875,3990.0,4010.0,3850.0,3930.0,42400
2006-03-29,2955.979248046875,4060.0,4110.0,3930.0,4000.0,66500
2006-03-30,2897.733642578125,3980.0,4070.0,3950.0,4060.0,52700
2006-03-31,2955.979248046875,4060.0,4150.0,4040.0,4080.0,60100
2006-04-03,3036.06787109375,4170.0,4190.0,4100.0,4160.0,36400
2006-04-04,3036.06787109375,4170.0,4170.0,4090.0,4160.0,71100
2006-04-05,3028.786865234375,4160.0,4250.0,4120.0,4160.0,74800
2006-04-06,2985.102294921875,4100.0,4170.0,4050.0,4170.0,143500
2006-04-07,3028.786865234375,4160.0,4160.0,4060.0,4110.0,79000
2006-04-10,2992.3828125,4110.0,4190.0,4090.0,4100.0,85200
2006-04-11,3043.348876953125,4180.0,4180.0,4100.0,4150.0,68500
2006-04-12,3065.19091796875,4210.0,4250.0,4180.0,4190.0,85500
2006-04-13,3028.786865234375,4160.0,4250.0,4150.0,4250.0,32700
2006-04-14,3043.348876953125,4180.0,4200.0,4170.0,4200.0,20200
2006-04-17,2985.102294921875,4100.0,4180.0,4090.0,4160.0,30800
2006-04-18,3014.22509765625,4140.0,4150.0,4100.0,4130.0,28000
2006-04-19,3036.06787109375,4170.0,4210.0,4140.0,4150.0,34500
2006-04-20,3006.944580078125,4130.0,4170.0,4110.0,4120.0,15400
2006-04-21,3021.50634765625,4150.0,4160.0,4080.0,4080.0,35100
2006-04-24,2897.733642578125,3980.0,4200.0,3930.0,4200.0,129700
2006-04-25,2897.733642578125,3980.0,4010.0,3910.0,3940.0,73000
2006-04-26,2861.329345703125,3930.0,3970.0,3830.0,3950.0,53700
2006-04-27,2846.768310546875,3910.0,3910.0,3850.0,3880.0,56600
2006-04-28,2854.049072265625,3920.0,3940.0,3840.0,3890.0,33500
2006-05-01,2803.083984375,3850.0,3970.0,3820.0,3970.0,39200
2006-05-02,2846.768310546875,3910.0,3920.0,3820.0,3830.0,20700
2006-05-03,2846.768310546875,3910.0,3910.0,3910.0,3910.0,0
2006-05-04,2846.768310546875,3910.0,3910.0,3910.0,3910.0,0
2006-05-05,2846.768310546875,3910.0,3910.0,3910.0,3910.0,0
2006-05-08,2781.242431640625,3820.0,3950.0,3760.0,3950.0,70900
2006-05-09,2788.52197265625,3830.0,3920.0,3780.0,3790.0,96200
2006-05-10,2890.452880859375,3970.0,4030.0,3850.0,3860.0,134500
2006-05-11,2883.172119140625,3960.0,4020.0,3950.0,3970.0,81400
2006-05-12,2854.049072265625,3920.0,3960.0,3850.0,3940.0,42600
2006-05-15,2890.452880859375,3970.0,4000.0,3880.0,3880.0,46400
2006-05-16,2715.715087890625,3730.0,4020.0,3690.0,3990.0,60500
2006-05-17,2803.083984375,3850.0,3880.0,3760.0,3760.0,34500
2006-05-18,2584.662109375,3550.0,3750.0,3410.0,3700.0,191000
2006-05-19,2613.784912109375,3590.0,3650.0,3470.0,3500.0,127900
2006-05-22,2766.6806640625,3800.0,3800.0,3800.0,3800.0,34500
2006-05-23,2373.5205078125,3260.0,3490.0,3220.0,3380.0,72700
2006-05-24,2351.677978515625,3230.0,3300.0,3190.0,3230.0,52100
2006-05-25,2417.20458984375,3320.0,3350.0,3230.0,3230.0,33100
2006-05-26,2409.924072265625,3310.0,3400.0,3270.0,3330.0,50800
2006-05-29,2366.2392578125,3250.0,3340.0,3230.0,3310.0,48100
2006-05-30,2329.83544921875,3200.0,3250.0,3120.0,3220.0,78400
2006-05-31,2329.83544921875,3200.0,3230.0,3140.0,3150.0,40400
2006-06-01,2373.5205078125,3260.0,3370.0,3220.0,3300.0,37200
2006-06-02,2380.80078125,3270.0,3300.0,3100.0,3300.0,78300
2006-06-05,2293.43212890625,3150.0,3230.0,3120.0,3200.0,43000
2006-06-06,2235.18603515625,3070.0,3140.0,3050.0,3140.0,24100
2006-06-07,2180.58056640625,2995.0,3050.0,2970.0,3000.0,28900
2006-06-08,2085.9306640625,2865.0,2945.0,2805.0,2945.0,48200
2006-06-09,2078.64990234375,2855.0,2925.0,2665.0,2865.0,66900
2006-06-12,2206.063232421875,3030.0,3100.0,3000.0,3070.0,54100
2006-06-13,2184.22216796875,3000.0,3160.0,2995.0,3000.0,55700
2006-06-14,2184.22216796875,3000.0,3000.0,3000.0,3000.0,55700
2006-06-15,2307.99267578125,3170.0,3240.0,3140.0,3190.0,60300
2006-06-16,2344.3974609375,3220.0,3330.0,3210.0,3330.0,53700
2006-06-19,2337.116455078125,3210.0,3260.0,3200.0,3200.0,24000
2006-06-20,2366.2392578125,3250.0,3390.0,3230.0,3260.0,58200
2006-06-21,2439.047119140625,3350.0,3350.0,3250.0,3260.0,40300
2006-06-22,2504.57470703125,3440.0,3440.0,3360.0,3400.0,25600
2006-06-23,2468.169677734375,3390.0,3440.0,3330.0,3400.0,30900
2006-06-26,2490.01220703125,3420.0,3500.0,3380.0,3440.0,28200
2006-06-27,2468.169677734375,3390.0,3430.0,3370.0,3430.0,19700
2006-06-28,2490.01220703125,3420.0,3430.0,3330.0,3340.0,22900
2006-06-29,2460.889404296875,3380.0,3440.0,3380.0,3430.0,20200
2006-06-30,2570.100341796875,3530.0,3530.0,3430.0,3430.0,36800
2006-07-03,2533.69677734375,3480.0,3500.0,3450.0,3500.0,19800
2006-07-04,2475.451171875,3400.0,3480.0,3340.0,3480.0,30700
2006-07-05,2460.889404296875,3380.0,3410.0,3350.0,3390.0,23800
2006-07-06,2395.362548828125,3290.0,3330.0,3270.0,3330.0,35000
2006-07-07,2388.08203125,3280.0,3360.0,3280.0,3340.0,18800
2006-07-10,2388.08203125,3280.0,3280.0,3280.0,3280.0,18800
2006-07-11,2388.08203125,3280.0,3340.0,3260.0,3280.0,31600
2006-07-12,2431.766845703125,3340.0,3450.0,3330.0,3340.0,42800
2006-07-13,2373.5205078125,3260.0,3350.0,3250.0,3290.0,14400
2006-07-14,2307.99267578125,3170.0,3260.0,3150.0,3220.0,28600
2006-07-17,2766.6806640625,3800.0,3800.0,3800.0,3800.0,28600
2006-07-18,2249.747802734375,3090.0,3240.0,3090.0,3180.0,31200
2006-07-19,2213.34375,3040.0,3120.0,2980.0,3060.0,28900
2006-07-20,2278.870849609375,3130.0,3160.0,3040.0,3070.0,58600
2006-07-21,2235.18603515625,3070.0,3140.0,3050.0,3100.0,29300
2006-07-24,2213.34375,3040.0,3090.0,3000.0,3060.0,18600
2006-07-25,2206.063232421875,3030.0,3200.0,3020.0,3190.0,43300
2006-07-26,2198.782470703125,3020.0,3110.0,3020.0,3100.0,27900
2006-07-27,2213.34375,3040.0,3060.0,2975.0,3030.0,23400
2006-07-28,2227.90576171875,3060.0,3120.0,3040.0,3070.0,31700
2006-07-31,2293.43212890625,3150.0,3180.0,3130.0,3170.0,29800
2006-08-01,2329.83544921875,3200.0,3240.0,3160.0,3160.0,13700
2006-08-02,2402.643310546875,3300.0,3340.0,3210.0,3210.0,37200
2006-08-03,2446.32763671875,3360.0,3390.0,3330.0,3340.0,31400
2006-08-04,2482.731689453125,3410.0,3470.0,3370.0,3400.0,36400
2006-08-07,2431.766845703125,3340.0,3450.0,3230.0,3410.0,106500
2006-08-08,2307.99267578125,3170.0,3340.0,3170.0,3300.0,70300
2006-08-09,2366.2392578125,3250.0,3260.0,3130.0,3150.0,53600
2006-08-10,2351.677978515625,3230.0,3280.0,3210.0,3260.0,14000
2006-08-11,2351.677978515625,3230.0,3260.0,3190.0,3200.0,14200
2006-08-14,2380.80078125,3270.0,3290.0,3140.0,3230.0,33600
2006-08-15,2395.362548828125,3290.0,3310.0,3270.0,3280.0,10100
2006-08-16,2409.924072265625,3310.0,3340.0,3260.0,3330.0,20300
2006-08-17,2395.362548828125,3290.0,3300.0,3150.0,3160.0,79300
2006-08-18,2395.362548828125,3290.0,3310.0,3260.0,3270.0,37000
2006-08-21,2366.2392578125,3250.0,3310.0,3250.0,3270.0,9300
2006-08-22,2366.2392578125,3250.0,3310.0,3240.0,3280.0,32800
2006-08-23,2344.3974609375,3220.0,3270.0,3210.0,3250.0,15400
2006-08-24,2344.3974609375,3220.0,3240.0,3210.0,3240.0,8800
2006-08-25,2344.3974609375,3220.0,3270.0,3210.0,3220.0,14100
2006-08-28,2249.747802734375,3090.0,3210.0,3080.0,3200.0,24000
2006-08-29,2373.5205078125,3260.0,3290.0,3160.0,3160.0,32800
2006-08-30,2358.958740234375,3240.0,3250.0,3210.0,3250.0,21000
2006-08-31,2402.643310546875,3300.0,3330.0,3240.0,3280.0,35700
2006-09-01,2409.924072265625,3310.0,3330.0,3250.0,3250.0,18900
2006-09-04,2409.924072265625,3310.0,3320.0,3290.0,3300.0,11300
2006-09-05,2431.766845703125,3340.0,3340.0,3270.0,3320.0,10800
2006-09-06,2446.32763671875,3360.0,3360.0,3300.0,3350.0,22100
2006-09-07,2337.116455078125,3210.0,3360.0,3210.0,3360.0,29200
2006-09-08,2388.08203125,3280.0,3280.0,3210.0,3220.0,26200
2006-09-11,2329.83544921875,3200.0,3250.0,3170.0,3230.0,38700
2006-09-12,2278.870849609375,3130.0,3230.0,3130.0,3200.0,23000
2006-09-13,2351.677978515625,3230.0,3300.0,3220.0,3280.0,25900
2006-09-14,2322.555419921875,3190.0,3250.0,3190.0,3200.0,18100
2006-09-15,2329.83544921875,3200.0,3220.0,3200.0,3200.0,12300
2006-09-18,2329.83544921875,3200.0,3200.0,3200.0,3200.0,0
2006-09-19,2329.83544921875,3200.0,3250.0,3150.0,3250.0,23900
2006-09-20,2293.43212890625,3150.0,3210.0,3140.0,3210.0,22900
2006-09-21,2286.15087890625,3140.0,3170.0,3130.0,3150.0,13400
2006-09-22,2249.747802734375,3090.0,3130.0,3050.0,3110.0,16600
2006-09-25,2315.274658203125,3180.0,3180.0,3020.0,3100.0,46700
2006-09-26,2381.215576171875,3250.0,3280.0,3130.0,3170.0,32200
2006-09-27,2520.42578125,3440.0,3440.0,3280.0,3300.0,51700
2006-09-28,2513.098388671875,3430.0,3430.0,3360.0,3420.0,17700
2006-09-29,2542.405517578125,3470.0,3570.0,3440.0,3440.0,54400
2006-10-02,2535.07958984375,3460.0,3510.0,3450.0,3480.0,25200
2006-10-03,2520.42578125,3440.0,3480.0,3430.0,3470.0,8300
2006-10-04,2491.118896484375,3400.0,3470.0,3280.0,3450.0,20100
2006-10-05,2535.07958984375,3460.0,3500.0,3410.0,3410.0,34700
2006-10-06,2527.75244140625,3450.0,3490.0,3410.0,3490.0,20300
2006-10-09,2527.75244140625,3450.0,3450.0,3450.0,3450.0,0
2006-10-10,2513.098388671875,3430.0,3490.0,3400.0,3430.0,25600
2006-10-11,2417.849853515625,3300.0,3420.0,3250.0,3380.0,67300
2006-10-12,2432.50341796875,3320.0,3350.0,3230.0,3320.0,33800
2006-10-13,2447.157470703125,3340.0,3370.0,3290.0,3370.0,45700
2006-10-16,2527.75244140625,3450.0,3480.0,3390.0,3390.0,34100
2006-10-17,2513.098388671875,3430.0,3470.0,3420.0,3470.0,6200
2006-10-18,2432.50341796875,3320.0,3430.0,3320.0,3430.0,33700
2006-10-19,2476.464599609375,3380.0,3420.0,3340.0,3420.0,17600
2006-10-20,2447.157470703125,3340.0,3400.0,3320.0,3380.0,12700
2006-10-23,2491.118896484375,3400.0,3430.0,3310.0,3340.0,20100
2006-10-24,2491.118896484375,3400.0,3430.0,3390.0,3400.0,10900
2006-10-25,2520.42578125,3440.0,3470.0,3430.0,3450.0,18700
2006-10-26,2513.098388671875,3430.0,3450.0,3410.0,3440.0,12800
2006-10-27,2476.464599609375,3380.0,3420.0,3380.0,3380.0,31200
2006-10-30,2461.810791015625,3360.0,3400.0,3340.0,3360.0,17500
2006-10-31,2454.484130859375,3350.0,3400.0,3350.0,3370.0,17000
2006-11-01,2432.50341796875,3320.0,3360.0,3300.0,3300.0,11200
2006-11-02,2395.86962890625,3270.0,3330.0,3250.0,3320.0,18000
2006-11-03,2395.86962890625,3270.0,3270.0,3270.0,3270.0,0
2006-11-06,2542.405517578125,3470.0,3620.0,3250.0,3250.0,100800
2006-11-07,2535.07958984375,3460.0,3580.0,3370.0,3470.0,63200
2006-11-08,2447.157470703125,3340.0,3450.0,3340.0,3440.0,36800
2006-11-09,2359.2353515625,3220.0,3310.0,3120.0,3300.0,59300
2006-11-10,2337.255126953125,3190.0,3240.0,3170.0,3200.0,33100
2006-11-13,2300.62060546875,3140.0,3220.0,3110.0,3180.0,50000
2006-11-14,2329.927978515625,3180.0,3210.0,3110.0,3120.0,38100
2006-11-15,2395.86962890625,3270.0,3320.0,3210.0,3260.0,88100
2006-11-16,2307.947265625,3150.0,3320.0,3150.0,3320.0,37600
2006-11-17,2307.947265625,3150.0,3200.0,3120.0,3120.0,26900
2006-11-20,2242.006591796875,3060.0,3200.0,3050.0,3170.0,28600
2006-11-21,2132.103515625,2910.0,3060.0,2910.0,3060.0,51100
2006-11-22,2194.382080078125,2995.0,3020.0,2925.0,2950.0,46000
2006-11-23,2194.382080078125,2995.0,2995.0,2995.0,2995.0,0
2006-11-24,2227.35205078125,3040.0,3060.0,2900.0,2910.0,44400
2006-11-27,2242.006591796875,3060.0,3070.0,2995.0,2995.0,44400
2006-11-28,2242.006591796875,3060.0,3070.0,3010.0,3010.0,13600
2006-11-29,2256.66015625,3080.0,3080.0,3020.0,3040.0,30700
2006-11-30,2278.640625,3110.0,3150.0,3100.0,3100.0,12700
2006-12-01,2285.966796875,3120.0,3130.0,3100.0,3100.0,21300
2006-12-04,2307.947265625,3150.0,3160.0,3090.0,3120.0,42100
2006-12-05,2227.35205078125,3040.0,3150.0,3040.0,3150.0,59900
2006-12-06,2242.006591796875,3060.0,3080.0,2990.0,3010.0,45400
2006-12-07,2278.640625,3110.0,3120.0,3080.0,3090.0,37600
2006-12-08,2337.255126953125,3190.0,3210.0,3150.0,3150.0,48100
2006-12-11,2410.522705078125,3290.0,3310.0,3230.0,3250.0,45600
2006-12-12,2410.522705078125,3290.0,3290.0,3290.0,3290.0,45600
2006-12-13,2410.522705078125,3290.0,3290.0,3290.0,3290.0,45600
2006-12-14,2447.157470703125,3340.0,3360.0,3310.0,3310.0,24700
2006-12-15,2439.83056640625,3330.0,3380.0,3330.0,3350.0,29900
2006-12-18,2417.849853515625,3300.0,3350.0,3280.0,3300.0,24900
2006-12-19,2410.522705078125,3290.0,3310.0,3260.0,3300.0,37200
2006-12-20,2491.118896484375,3400.0,3400.0,3330.0,3330.0,39500
2006-12-21,2483.790771484375,3390.0,3420.0,3370.0,3400.0,17100
2006-12-22,2432.50341796875,3320.0,3350.0,3300.0,3350.0,11700
2006-12-25,2388.542724609375,3260.0,3330.0,3260.0,3320.0,16900
2006-12-26,2410.522705078125,3290.0,3300.0,3250.0,3250.0,18600
2006-12-27,2410.522705078125,3290.0,3330.0,3230.0,3330.0,17200
2006-12-28,2417.849853515625,3300.0,3310.0,3230.0,3300.0,28500
2006-12-29,2417.849853515625,3300.0,3310.0,3290.0,3310.0,4400
2007-01-04,2491.118896484375,3400.0,3400.0,3400.0,3400.0,35900
2007-01-05,2491.118896484375,3400.0,3420.0,3360.0,3410.0,37700
2007-01-09,2520.42578125,3440.0,3480.0,3360.0,3360.0,25800
2007-01-10,2476.464599609375,3380.0,3450.0,3380.0,3440.0,17100
2007-01-11,2483.790771484375,3390.0,3470.0,3380.0,3400.0,26000
2007-01-12,2520.42578125,3440.0,3450.0,3300.0,3370.0,33000
2007-01-15,2527.75244140625,3450.0,3480.0,3410.0,3460.0,14100
2007-01-16,2571.712890625,3510.0,3510.0,3450.0,3450.0,25200
2007-01-17,2527.75244140625,3450.0,3470.0,3400.0,3470.0,21900
2007-01-18,2527.75244140625,3450.0,3480.0,3440.0,3450.0,11200
2007-01-19,2527.75244140625,3450.0,3460.0,3400.0,3460.0,16800
2007-01-22,2557.06005859375,3490.0,3500.0,3460.0,3470.0,11100
2007-01-23,2564.385986328125,3500.0,3520.0,3490.0,3500.0,21800
2007-01-24,2549.73291015625,3480.0,3500.0,3470.0,3500.0,5000
2007-01-25,2505.77197265625,3420.0,3490.0,3410.0,3490.0,19100
2007-01-26,2483.790771484375,3390.0,3460.0,3370.0,3400.0,24600
2007-01-29,2461.810791015625,3360.0,3390.0,3330.0,3330.0,19800
2007-01-30,2461.810791015625,3360.0,3390.0,3330.0,3370.0,14400
2007-01-31,2425.17626953125,3310.0,3370.0,3310.0,3370.0,16000
2007-02-01,2432.50341796875,3320.0,3320.0,3250.0,3310.0,19200
2007-02-02,2439.83056640625,3330.0,3370.0,3320.0,3340.0,9200
2007-02-05,2439.83056640625,3330.0,3450.0,3300.0,3380.0,44100
2007-02-06,2483.790771484375,3390.0,3400.0,3290.0,3370.0,24700
2007-02-07,2454.484130859375,3350.0,3390.0,3340.0,3380.0,19300
2007-02-08,2476.464599609375,3380.0,3410.0,3370.0,3380.0,21500
2007-02-09,2505.77197265625,3420.0,3430.0,3330.0,3330.0,30400
2007-02-13,2520.42578125,3440.0,3460.0,3400.0,3400.0,26300
2007-02-14,2520.42578125,3440.0,3470.0,3430.0,3450.0,21200
2007-02-15,2608.34765625,3560.0,3570.0,3470.0,3480.0,29700
2007-02-16,2623.000732421875,3580.0,3580.0,3560.0,3580.0,16200
2007-02-19,2681.615478515625,3660.0,3660.0,3560.0,3590.0,26900
2007-02-20,2688.9423828125,3670.0,3700.0,3630.0,3660.0,16700
2007-02-21,2703.594970703125,3690.0,3750.0,3600.0,3690.0,35700
2007-02-22,2747.55615234375,3750.0,3750.0,3700.0,3710.0,28600
2007-02-23,2747.55615234375,3750.0,3780.0,3740.0,3760.0,19500
2007-02-26,2754.883056640625,3760.0,3800.0,3740.0,3750.0,28200
2007-02-27,2762.21044921875,3770.0,3790.0,3750.0,3790.0,14300
2007-02-28,2710.922119140625,3700.0,3750.0,3470.0,3470.0,30100
2007-03-01,2732.9033203125,3730.0,3740.0,3660.0,3710.0,39100
2007-03-02,2710.922119140625,3700.0,3730.0,3660.0,3710.0,36200
2007-03-05,2564.385986328125,3500.0,3680.0,3480.0,3670.0,45400
2007-03-06,2593.693359375,3540.0,3540.0,3490.0,3500.0,12600
2007-03-07,2564.385986328125,3500.0,3590.0,3500.0,3590.0,23900
2007-03-08,2564.385986328125,3500.0,3500.0,3500.0,3500.0,23900
2007-03-09,2564.385986328125,3500.0,3510.0,3500.0,3500.0,30800
2007-03-12,2579.039794921875,3520.0,3550.0,3490.0,3500.0,19600
2007-03-13,2535.07958984375,3460.0,3460.0,3460.0,3460.0,19600
2007-03-14,2425.17626953125,3310.0,3370.0,3290.0,3300.0,32500
2007-03-15,2425.17626953125,3310.0,3360.0,3290.0,3360.0,31700
2007-03-16,2410.522705078125,3290.0,3320.0,3280.0,3320.0,17400
2007-03-19,2432.50341796875,3320.0,3330.0,3280.0,3320.0,11200
2007-03-20,2381.215576171875,3250.0,3330.0,3240.0,3330.0,21700
2007-03-22,2432.50341796875,3320.0,3350.0,3280.0,3300.0,33100
2007-03-23,2403.1962890625,3280.0,3320.0,3240.0,3320.0,38600
2007-03-26,2439.83056640625,3330.0,3330.0,3280.0,3330.0,46300
2007-03-27,2425.088134765625,3290.0,3340.0,3270.0,3280.0,35100
2007-03-28,2395.603271484375,3250.0,3300.0,3250.0,3290.0,18700
2007-03-29,2388.23291015625,3240.0,3240.0,3240.0,3240.0,18700
2007-03-30,2388.23291015625,3240.0,3270.0,3220.0,3240.0,9400
2007-04-02,2344.006591796875,3180.0,3250.0,3170.0,3200.0,19600
2007-04-03,2358.74853515625,3200.0,3240.0,3190.0,3230.0,19800
2007-04-04,2402.97509765625,3260.0,3260.0,3230.0,3230.0,17600
2007-04-05,2417.7177734375,3280.0,3290.0,3270.0,3270.0,11900
2007-04-06,2351.377685546875,3190.0,3270.0,3190.0,3260.0,37800
2007-04-09,2351.377685546875,3190.0,3190.0,3190.0,3190.0,37800
2007-04-10,2366.119384765625,3210.0,3230.0,3210.0,3210.0,17100
2007-04-11,2358.74853515625,3200.0,3230.0,3180.0,3190.0,31500
2007-04-12,2321.892578125,3150.0,3230.0,3110.0,3180.0,42400
2007-04-13,2299.77978515625,3120.0,3210.0,3110.0,3160.0,63000
2007-04-16,2388.23291015625,3240.0,3380.0,3170.0,3180.0,102200
2007-04-17,2395.603271484375,3250.0,3310.0,3220.0,3220.0,85300
2007-04-18,2506.1708984375,3400.0,3480.0,3350.0,3430.0,247800
2007-04-19,2439.830810546875,3310.0,3440.0,3300.0,3400.0,126500
2007-04-20,2432.459228515625,3300.0,3330.0,3260.0,3330.0,96500
2007-04-23,2425.088134765625,3290.0,3360.0,3260.0,3330.0,83900
2007-04-24,2454.572265625,3330.0,3330.0,3240.0,3300.0,43500
2007-04-25,2410.345947265625,3270.0,3270.0,3270.0,3270.0,43500
2007-04-26,2476.685791015625,3360.0,3390.0,3340.0,3360.0,30200
2007-04-27,2491.42822265625,3380.0,3380.0,3340.0,3360.0,54800
2007-05-01,2513.540771484375,3410.0,3460.0,3380.0,3390.0,31900
2007-05-02,2498.798828125,3390.0,3470.0,3390.0,3430.0,19500
2007-05-07,2565.13916015625,3480.0,3490.0,3470.0,3490.0,46700
2007-05-08,2506.1708984375,3400.0,3430.0,3390.0,3420.0,20100
2007-05-09,2439.830810546875,3310.0,3400.0,3280.0,3400.0,57200
2007-05-10,2469.314208984375,3350.0,3420.0,3290.0,3420.0,43900
2007-05-11,2432.459228515625,3300.0,3320.0,3300.0,3310.0,19400
2007-05-14,2439.830810546875,3310.0,3350.0,3300.0,3320.0,24200
2007-05-15,2380.86181640625,3230.0,3250.0,3230.0,3250.0,47300
2007-05-16,2380.86181640625,3230.0,3240.0,3210.0,3240.0,23700
2007-05-17,2380.86181640625,3230.0,3240.0,3220.0,3230.0,22800
2007-05-18,2358.74853515625,3200.0,3240.0,3160.0,3240.0,36900
2007-05-21,2240.810791015625,3040.0,3220.0,3030.0,3200.0,72700
2007-05-22,2299.77978515625,3120.0,3120.0,3120.0,3120.0,72700
2007-05-23,2351.377685546875,3190.0,3230.0,3120.0,3120.0,80100
2007-05-24,2314.521728515625,3140.0,3160.0,3130.0,3160.0,51900
2007-05-25,2262.92431640625,3070.0,3120.0,3030.0,3040.0,72000
2007-05-28,2351.377685546875,3190.0,3200.0,3180.0,3180.0,66300
2007-05-29,2351.377685546875,3190.0,3190.0,3140.0,3150.0,40500
2007-05-30,2454.572265625,3330.0,3340.0,3260.0,3280.0,57700
2007-05-31,2454.572265625,3330.0,3350.0,3330.0,3330.0,39900
2007-06-01,2461.944091796875,3340.0,3370.0,3330.0,3360.0,46700
2007-06-04,2425.088134765625,3290.0,3330.0,3270.0,3320.0,61100
2007-06-05,2432.459228515625,3300.0,3300.0,3260.0,3260.0,41200
2007-06-06,2454.572265625,3330.0,3350.0,3320.0,3330.0,32400
2007-06-07,2432.459228515625,3300.0,3310.0,3260.0,3260.0,46100
2007-06-08,2380.86181640625,3230.0,3240.0,3210.0,3220.0,75200
2007-06-11,2402.97509765625,3260.0,3270.0,3240.0,3270.0,26600
2007-06-12,2417.7177734375,3280.0,3310.0,3260.0,3290.0,49800
2007-06-13,2410.345947265625,3270.0,3290.0,3260.0,3260.0,21300
2007-06-14,2439.830810546875,3310.0,3320.0,3270.0,3290.0,19700
2007-06-15,2439.830810546875,3310.0,3310.0,3290.0,3300.0,22500
2007-06-18,2528.28369140625,3430.0,3430.0,3390.0,3390.0,33100
2007-06-19,2513.540771484375,3410.0,3440.0,3370.0,3440.0,29700
2007-06-20,2520.912841796875,3420.0,3440.0,3400.0,3410.0,44600
2007-06-21,2520.912841796875,3420.0,3420.0,3400.0,3420.0,16000
2007-06-22,2506.1708984375,3400.0,3420.0,3390.0,3420.0,11500
2007-06-25,2491.42822265625,3380.0,3400.0,3380.0,3400.0,27300
2007-06-26,2476.685791015625,3360.0,3370.0,3360.0,3370.0,4800
2007-06-27,2454.572265625,3330.0,3370.0,3330.0,3370.0,18400
2007-06-28,2557.767333984375,3470.0,3470.0,3440.0,3460.0,55400
2007-06-29,2550.396728515625,3460.0,3480.0,3410.0,3480.0,33400
2007-07-02,2565.13916015625,3480.0,3480.0,3420.0,3420.0,19300
2007-07-03,2565.13916015625,3480.0,3490.0,3450.0,3450.0,14300
2007-07-04,2557.767333984375,3470.0,3480.0,3460.0,3460.0,10000
2007-07-05,2572.510009765625,3490.0,3490.0,3450.0,3470.0,7800
2007-07-06,2543.026123046875,3450.0,3460.0,3430.0,3460.0,17800
2007-07-09,2550.396728515625,3460.0,3470.0,3430.0,3430.0,16500
2007-07-10,2572.510009765625,3490.0,3490.0,3470.0,3480.0,9700
2007-07-11,2572.510009765625,3490.0,3510.0,3460.0,3490.0,14400
2007-07-12,2535.65478515625,3440.0,3490.0,3420.0,3480.0,25200
2007-07-13,2528.28369140625,3430.0,3460.0,3390.0,3430.0,27300
2007-07-17,2513.540771484375,3410.0,3420.0,3400.0,3400.0,23300
2007-07-18,2476.685791015625,3360.0,3370.0,3340.0,3350.0,20800
2007-07-19,2491.42822265625,3380.0,3390.0,3250.0,3390.0,25500
2007-07-20,2439.830810546875,3310.0,3330.0,3300.0,3330.0,32500
2007-07-23,2432.459228515625,3300.0,3320.0,3300.0,3310.0,22200
2007-07-24,2402.97509765625,3260.0,3270.0,3240.0,3240.0,24400
2007-07-25,2513.540771484375,3410.0,3470.0,3330.0,3330.0,54300
2007-07-26,2557.767333984375,3470.0,3500.0,3440.0,3500.0,49600
2007-07-27,2557.767333984375,3470.0,3490.0,3470.0,3470.0,47100
2007-07-30,2668.333984375,3620.0,3620.0,3470.0,3470.0,48700
2007-07-31,2668.333984375,3620.0,3640.0,3620.0,3620.0,32000
2007-08-01,2624.107666015625,3560.0,3590.0,3540.0,3540.0,37200
2007-08-02,2660.96337890625,3610.0,3640.0,3490.0,3540.0,51400
2007-08-03,2653.59228515625,3600.0,3640.0,3580.0,3610.0,20100
2007-08-06,2727.3017578125,3700.0,3750.0,3530.0,3550.0,46500
2007-08-07,2491.42822265625,3380.0,3490.0,3330.0,3490.0,35400
2007-08-08,2469.314208984375,3350.0,3350.0,3260.0,3350.0,47600
2007-08-09,2425.088134765625,3290.0,3390.0,3290.0,3370.0,70300
2007-08-10,2262.92431640625,3070.0,3110.0,3040.0,3100.0,76900
2007-08-13,2358.74853515625,3200.0,3250.0,3170.0,3200.0,74800
2007-08-14,2380.86181640625,3230.0,3250.0,3210.0,3210.0,30400
2007-08-15,2388.23291015625,3240.0,3260.0,3230.0,3240.0,19400
2007-08-16,2277.66650390625,3090.0,3110.0,3050.0,3080.0,20500
2007-08-17,2218.6982421875,3010.0,3100.0,2975.0,3060.0,32200
2007-08-20,2262.92431640625,3070.0,3150.0,3030.0,3060.0,25600
2007-08-21,2292.408935546875,3110.0,3180.0,3100.0,3160.0,27700
2007-08-22,2270.294921875,3080.0,3100.0,3070.0,3100.0,12700
2007-08-23,2358.74853515625,3200.0,3210.0,3170.0,3170.0,17900
2007-08-24,2292.408935546875,3110.0,3200.0,3100.0,3200.0,17300
2007-08-27,2380.86181640625,3230.0,3240.0,3210.0,3230.0,53600
2007-08-28,2388.23291015625,3240.0,3270.0,3180.0,3260.0,21400
2007-08-29,2344.006591796875,3180.0,3190.0,3110.0,3140.0,51400
2007-08-30,2373.490234375,3220.0,3220.0,3190.0,3200.0,11500
2007-08-31,2454.572265625,3330.0,3330.0,3220.0,3230.0,21700
2007-09-03,2461.944091796875,3340.0,3360.0,3290.0,3360.0,19400
2007-09-04,2439.830810546875,3310.0,3350.0,3270.0,3350.0,19100
2007-09-05,2388.23291015625,3240.0,3280.0,3230.0,3260.0,15900
2007-09-06,2439.830810546875,3310.0,3350.0,3200.0,3240.0,18000
2007-09-07,2506.1708984375,3400.0,3430.0,3300.0,3320.0,43100
2007-09-10,2520.912841796875,3420.0,3420.0,3380.0,3390.0,27800
2007-09-11,2520.912841796875,3420.0,3440.0,3330.0,3330.0,22200
2007-09-12,2528.28369140625,3430.0,3470.0,3430.0,3470.0,16500
2007-09-13,2491.42822265625,3380.0,3420.0,3380.0,3400.0,33100
2007-09-14,2498.798828125,3390.0,3430.0,3390.0,3430.0,46800
2007-09-18,2461.944091796875,3340.0,3400.0,3340.0,3400.0,9000
2007-09-19,2491.42822265625,3380.0,3380.0,3340.0,3370.0,16400
2007-09-20,2461.944091796875,3340.0,3370.0,3300.0,3360.0,15800
2007-09-21,2454.572265625,3330.0,3330.0,3330.0,3330.0,15800
2007-09-25,2402.6630859375,3240.0,3360.0,3220.0,3360.0,15300
2007-09-26,2373.000732421875,3200.0,3270.0,3190.0,3270.0,13600
2007-09-27,2417.49462890625,3260.0,3270.0,3230.0,3240.0,9900
2007-09-28,2439.741455078125,3290.0,3300.0,3230.0,3240.0,18800
2007-10-01,2424.909912109375,3270.0,3320.0,3260.0,3290.0,11600
2007-10-02,2461.98779296875,3320.0,3320.0,3290.0,3290.0,9600
2007-10-03,2461.98779296875,3320.0,3370.0,3290.0,3370.0,10300
2007-10-04,2447.156982421875,3300.0,3300.0,3280.0,3280.0,4600
2007-10-05,2410.07861328125,3250.0,3260.0,3240.0,3260.0,11300
2007-10-09,2439.741455078125,3290.0,3310.0,3250.0,3250.0,8500
2007-10-10,2410.07861328125,3250.0,3330.0,3240.0,3330.0,11900
2007-10-11,2461.98779296875,3320.0,3340.0,3260.0,3260.0,13900
2007-10-12,2439.741455078125,3290.0,3330.0,3290.0,3300.0,15700
2007-10-15,2402.6630859375,3240.0,3265.0,3240.0,3265.0,15700
2007-10-16,2358.16943359375,3180.0,3240.0,3180.0,3240.0,34400
2007-10-17,2313.675537109375,3120.0,3159.0,3120.0,3159.0,34400
2007-10-18,2387.83203125,3220.0,3220.0,3170.0,3170.0,12700
2007-10-19,2373.000732421875,3200.0,3222.0,3200.0,3222.0,12700
2007-10-22,2373.000732421875,3200.0,3220.0,3130.0,3200.0,21200
2007-10-23,2321.091064453125,3130.0,3156.0,3130.0,3156.0,21200
2007-10-24,2321.091064453125,3130.0,3130.0,3128.0,3128.0,21200
2007-10-25,2254.350830078125,3040.0,3077.0,3040.0,3077.0,21200
2007-10-26,2239.518798828125,3020.0,3030.0,3010.0,3020.0,12900
2007-10-29,2246.934814453125,3030.0,3040.0,3010.0,3020.0,15200
2007-10-30,2224.688232421875,3000.0,3001.0,3000.0,3001.0,15200
2007-10-31,2232.10400390625,3010.0,3040.0,2990.0,3040.0,14900
2007-11-01,2254.350830078125,3040.0,3180.0,2950.0,3110.0,184200
2007-11-02,2217.27294921875,2990.0,3001.0,2990.0,3001.0,184200
2007-11-05,2169.070556640625,2925.0,3010.0,2905.0,3000.0,39500
2007-11-06,2172.778564453125,2930.0,2930.0,2918.0,2918.0,39500
2007-11-07,2246.934814453125,3030.0,3033.3330078125,3030.0,3033.3330078125,39500
2007-11-08,2224.688232421875,3000.0,3030.0,3000.0,3030.0,39500
2007-11-09,2217.27294921875,2990.0,2990.0,2986.7109375,2986.7109375,39500
2007-11-12,2209.85693359375,2980.0,2980.0,2967.0,2967.0,39500
2007-11-13,2195.02490234375,2960.0,2988.0,2960.0,2988.0,39500
2007-11-14,2261.766357421875,3050.0,3050.0,3006.68896484375,3006.68896484375,39500
2007-11-15,2269.181640625,3060.0,3060.0,3046.0,3050.0,39500
2007-11-16,2306.260009765625,3110.0,3110.0,3066.0,3066.0,39500
2007-11-19,2343.338134765625,3160.0,3160.0,3152.0,3152.0,39500
2007-11-20,2335.9228515625,3150.0,3150.0,3126.0,3126.0,39500
2007-11-21,2306.260009765625,3110.0,3153.0,3110.0,3153.0,39500
2007-11-22,2213.564453125,2985.0,3105.0,2985.0,3105.0,39500
2007-11-26,2220.98046875,2995.0,3030.0,2965.0,2965.0,29700
2007-11-27,2239.518798828125,3020.0,3020.0,2992.0,2992.0,39500
2007-11-28,2198.732666015625,2965.0,2970.0,2945.0,2970.0,42800
2007-11-29,2195.02490234375,2960.0,2970.0,2960.0,2970.0,42800
2007-11-30,2254.350830078125,3040.0,3040.0,2958.52001953125,2958.52001953125,42800
2007-12-03,2239.518798828125,3020.0,3047.0,3020.0,3047.0,42800
2007-12-04,2206.14892578125,2975.0,2975.0,2975.0,2975.0,42800
2007-12-05,2291.4287109375,3090.0,3090.0,2975.0,2975.0,42800
2007-12-06,2306.260009765625,3110.0,3110.0,3066.0,3066.0,42800
2007-12-07,2306.260009765625,3110.0,3135.0,3110.0,3135.0,42800
2007-12-10,2269.181640625,3060.0,3121.0,3060.0,3121.0,42800
2007-12-11,2254.350830078125,3040.0,3040.0,3038.409912109375,3038.409912109375,42800
2007-12-12,2246.934814453125,3030.0,3030.0,3000.0,3000.0,42800
2007-12-13,2195.02490234375,2960.0,2975.0,2960.0,2975.0,42800
2007-12-14,2161.6552734375,2915.0,2955.0,2915.0,2955.0,42800
2007-12-17,2106.0380859375,2840.0,2865.0,2840.0,2865.0,42800
2007-12-18,2113.4541015625,2850.0,2880.0,2830.0,2830.0,17700
2007-12-19,2083.79052734375,2810.0,2839.0,2810.0,2839.0,42800
2007-12-20,2054.128662109375,2770.0,2812.0,2770.0,2812.0,42800
2007-12-21,2076.374755859375,2800.0,2800.0,2770.0,2770.0,42800
2007-12-25,2057.8369140625,2775.0,2783.0,2775.0,2783.0,42800
2007-12-26,2083.79052734375,2810.0,2820.0,2795.0,2800.0,12000
2007-12-27,2072.66748046875,2795.0,2809.0,2795.0,2809.0,12000
2007-12-28,2072.66748046875,2795.0,2795.0,2795.0,2795.0,12000
2008-01-04,2002.2193603515625,2700.0,2700.0,2700.0,2700.0,12000
2008-01-07,1939.1864013671875,2615.0,2655.0,2615.0,2655.0,12000
2008-01-08,1913.232177734375,2580.0,2580.0,2570.0,2570.0,12000
2008-01-09,1950.31005859375,2630.0,2630.0,2574.0,2574.0,12000
2008-01-10,1916.9395751953125,2585.0,2639.0,2585.0,2639.0,12000
2008-01-11,1905.816162109375,2570.0,2586.0,2570.0,2586.0,12000
2008-01-15,1861.3223876953125,2510.0,2572.0,2510.0,2572.0,12000
2008-01-16,1746.3798828125,2355.0,2405.0,2280.0,2340.0,57300
2008-01-17,1835.367431640625,2475.0,2475.0,2475.0,2475.0,57300
2008-01-18,1879.8612060546875,2535.0,2535.0,2462.0,2462.0,57300
2008-01-21,1798.2899169921875,2425.0,2481.0,2425.0,2481.0,57300
2008-01-22,1709.3018798828125,2305.0,2333.0,2305.0,2333.0,57300
2008-01-23,1731.5491943359375,2335.0,2335.0,2335.0,2335.0,57300
2008-01-24,1783.4581298828125,2405.0,2405.0,2335.0,2335.0,57300
2008-01-25,1853.9066162109375,2500.0,2500.0,2485.0,2485.0,57300
2008-01-28,1813.1214599609375,2445.0,2481.0,2445.0,2481.0,57300
2008-01-29,1853.9066162109375,2500.0,2500.0,2498.0,2498.0,57300
2008-01-30,1827.9525146484375,2465.0,2501.0,2465.0,2501.0,57300
2008-01-31,1902.1087646484375,2565.0,2565.0,2565.0,2565.0,57300
2008-02-01,1846.490966796875,2490.0,2495.0,2490.0,2495.0,57300
2008-02-04,1872.4459228515625,2525.0,2525.0,2479.0,2479.0,57300
2008-02-05,1894.69287109375,2555.0,2558.0,2555.0,2558.0,57300
2008-02-06,1842.7835693359375,2485.0,2515.0,2480.0,2490.0,40000
2008-02-07,1809.4129638671875,2440.0,2490.0,2440.0,2490.0,40000
2008-02-08,1902.1087646484375,2565.0,2570.0,2550.0,2560.0,44700
2008-02-12,1961.4334716796875,2645.0,2645.0,2566.0,2566.0,44700
2008-02-13,1972.55615234375,2660.0,2660.0,2660.0,2660.0,44700
2008-02-14,2076.374755859375,2800.0,2800.0,2771.0,2771.0,44700
2008-02-15,2072.66748046875,2795.0,2810.0,2725.0,2730.0,19600
2008-02-18,2035.5904541015625,2745.0,2806.0,2745.0,2806.0,19600
2008-02-19,2028.1734619140625,2735.0,2735.0,2714.0,2714.0,19600
2008-02-20,1972.55615234375,2660.0,2667.0,2660.0,2667.0,19600
2008-02-21,2046.714111328125,2760.0,2760.0,2729.0,2729.0,19600
2008-02-22,2061.54443359375,2780.0,2780.0,2743.0,2743.0,19600
2008-02-25,2146.823486328125,2895.0,2895.0,2850.0,2855.0,19600
2008-02-26,2161.6552734375,2915.0,2915.0,2914.0,2914.0,19600
2008-02-27,2068.9599609375,2790.0,2805.0,2790.0,2805.0,19600
2008-02-28,2083.79052734375,2810.0,2810.0,2794.93017578125,2794.93017578125,19600
2008-02-29,2031.8817138671875,2740.0,2745.0,2740.0,2745.0,19600
2008-03-03,1946.602783203125,2625.0,2740.0,2625.0,2740.0,19600
2008-03-04,1931.7706298828125,2605.0,2617.0,2605.0,2617.0,19600
2008-03-05,1928.06298828125,2600.0,2606.3017578125,2600.0,2606.3017578125,19600
2008-03-06,1979.97314453125,2670.0,2670.0,2626.0,2626.0,19600
2008-03-07,1942.894287109375,2620.0,2670.0,2620.0,2670.0,19600
2008-03-10,1898.4002685546875,2560.0,2575.0,2560.0,2575.0,19600
2008-03-11,1965.1414794921875,2650.0,2650.0,2585.0,2585.0,19600
2008-03-12,1979.97314453125,2670.0,2670.0,2616.0,2616.0,19600
2008-03-13,1865.0296630859375,2515.0,2540.0,2510.0,2530.0,27400
2008-03-14,1820.5367431640625,2455.0,2491.0,2455.0,2491.0,27400
2008-03-17,1724.133544921875,2325.0,2325.0,2300.0,2300.0,27400
2008-03-18,1746.3798828125,2355.0,2355.0,2355.0,2355.0,27400
2008-03-19,1772.334716796875,2390.0,2406.57177734375,2390.0,2406.57177734375,27400
2008-03-21,1801.9971923828125,2430.0,2430.0,2405.0,2405.0,27400
2008-03-24,1809.4129638671875,2440.0,2440.0,2421.0,2421.0,27400
2008-03-25,1831.659912109375,2470.0,2470.0,2458.0,2458.0,27400
2008-03-26,1846.6123046875,2470.0,2470.0,2467.0,2467.0,27400
2008-03-27,1824.18359375,2440.0,2455.0,2440.0,2455.0,27400
2008-03-28,1854.087646484375,2480.0,2480.0,2445.0,2445.0,27400
2008-03-31,1820.4459228515625,2435.0,2496.103759765625,2435.0,2496.103759765625,27400
2008-04-01,1839.135986328125,2460.0,2474.0,2460.0,2474.0,27400
2008-04-02,1880.254150390625,2515.0,2515.0,2460.0,2460.0,27400
2008-04-03,1861.564208984375,2490.0,2521.0,2490.0,2521.0,27400
2008-04-04,1850.350341796875,2475.0,2491.0,2475.0,2491.0,27400
2008-04-07,1872.7784423828125,2505.0,2505.0,2499.0,2499.0,27400
2008-04-08,1835.3984375,2455.0,2465.0,2450.0,2450.0,27400
2008-04-09,1835.3984375,2455.0,2456.0,2455.0,2456.0,27400
2008-04-10,1831.6595458984375,2450.0,2450.0,2440.0,2440.0,27400
2008-04-11,1846.6123046875,2470.0,2470.0,2450.0,2450.0,27400
2008-04-14,1869.04052734375,2500.0,2500.0,2468.0,2468.0,27400
2008-04-15,1835.3984375,2455.0,2464.0,2455.0,2464.0,27400
2008-04-16,1839.135986328125,2460.0,2460.0,2456.0,2456.0,27400
2008-04-17,1861.564208984375,2490.0,2495.0,2490.0,2495.0,27400
2008-04-18,1876.5167236328125,2510.0,2510.0,2503.108154296875,2503.108154296875,27400
2008-04-21,1876.5167236328125,2510.0,2510.0,2510.0,2510.0,27400
2008-04-22,1880.254150390625,2515.0,2535.0,2515.0,2535.0,27400
2008-04-23,1865.302734375,2495.0,2500.0,2480.0,2490.0,12500
2008-04-24,1854.087646484375,2480.0,2498.0,2480.0,2498.0,12500
2008-04-25,1876.5167236328125,2510.0,2533.0,2510.0,2533.0,12500
2008-04-28,1857.826416015625,2485.0,2512.0,2485.0,2512.0,12500
2008-04-30,1839.135986328125,2460.0,2489.0,2460.0,2489.0,12500
2008-05-01,1831.6595458984375,2450.0,2450.0,2443.0,2443.0,12500
2008-05-02,1861.564208984375,2490.0,2494.0,2490.0,2494.0,12500
2008-05-07,1940.064208984375,2595.0,2595.0,2582.0,2582.0,12500
2008-05-08,1955.016357421875,2615.0,2615.0,2613.449951171875,2613.449951171875,12500
2008-05-09,1928.8502197265625,2580.0,2581.0,2580.0,2581.0,12500
2008-05-12,1928.8502197265625,2580.0,2581.0,2580.0,2581.0,12500
2008-05-13,1955.016357421875,2615.0,2615.0,2600.0,2600.0,12500
2008-05-14,2011.08740234375,2690.0,2690.0,2676.0,2676.0,12500
2008-05-15,2040.9921875,2730.0,2730.0,2704.0,2704.0,12500
2008-05-16,1988.658935546875,2660.0,2660.0,2658.6943359375,2658.6943359375,12500
2008-05-19,1996.1357421875,2670.0,2670.0,2650.0,2650.0,12500
2008-05-20,1969.9693603515625,2635.0,2650.0,2625.0,2625.0,11400
2008-05-21,1910.159423828125,2555.0,2565.0,2555.0,2565.0,11400
2008-05-22,1925.111572265625,2575.0,2575.0,2562.0,2562.0,11400
2008-05-23,1928.8502197265625,2580.0,2580.0,2562.0,2562.0,11400
2008-05-26,1865.302734375,2495.0,2557.0,2495.0,2557.0,11400
2008-05-27,1906.420654296875,2550.0,2567.0,2550.0,2567.0,11400
2008-05-28,1921.3741455078125,2570.0,2595.0,2570.0,2595.0,31300
2008-05-29,1977.445068359375,2645.0,2650.0,2610.0,2610.0,16600
2008-05-30,1984.92138671875,2655.0,2655.0,2644.0,2644.0,16600
2008-06-02,1981.1837158203125,2650.0,2650.0,2630.0,2630.0,16600
2008-06-03,1947.540283203125,2605.0,2608.1259765625,2605.0,2608.1259765625,16600
2008-06-04,1969.9693603515625,2635.0,2641.0,2635.0,2641.0,16600
2008-06-05,1977.445068359375,2645.0,2650.0,2635.0,2640.0,11000
2008-06-06,1955.016357421875,2615.0,2632.0,2615.0,2632.0,11000
2008-06-09,1902.683349609375,2545.0,2545.0,2545.0,2545.0,11000
2008-06-10,1958.75439453125,2620.0,2620.0,2545.0,2545.0,11000
2008-06-11,2055.944580078125,2750.0,2750.0,2620.0,2620.0,11000
2008-06-12,2078.37353515625,2780.0,2780.0,2754.0,2754.0,11000
2008-06-13,2040.9921875,2730.0,2730.0,2729.4541015625,2729.4541015625,11000
2008-06-16,2093.325439453125,2800.0,2800.0,2723.0,2723.0,11000
2008-06-17,2145.659423828125,2870.0,2870.0,2799.0,2799.0,11000
2008-06-18,2104.5400390625,2815.0,2815.0,2813.075927734375,2813.075927734375,11000
2008-06-19,2022.3017578125,2705.0,2720.0,2670.0,2680.0,31700
2008-06-20,2037.254150390625,2725.0,2731.0,2725.0,2731.0,31700
2008-06-23,2018.5634765625,2700.0,2725.0,2695.0,2695.0,8700
2008-06-24,2003.6119384765625,2680.0,2680.0,2650.0,2655.0,9200
2008-06-25,2018.5634765625,2700.0,2700.0,2670.0,2670.0,9200
2008-06-26,2007.35009765625,2685.0,2688.0,2685.0,2688.0,9200
2008-06-27,1969.9693603515625,2635.0,2647.0,2635.0,2647.0,9200
2008-06-30,1999.8736572265625,2675.0,2675.0,2632.0,2632.0,9200
2008-07-01,2022.3017578125,2705.0,2715.0,2705.0,2715.0,9200
2008-07-02,1996.1357421875,2670.0,2705.0,2670.0,2705.0,9200
2008-07-03,1988.658935546875,2660.0,2660.0,2624.0,2624.0,9200
2008-07-04,1992.3983154296875,2665.0,2665.0,2660.0,2660.0,9200
2008-07-07,1999.8736572265625,2675.0,2679.0,2675.0,2679.0,9200
2008-07-08,1988.658935546875,2660.0,2660.0,2660.0,2660.0,9200
2008-07-09,1981.1837158203125,2650.0,2688.0,2650.0,2688.0,9200
2008-07-10,1973.707275390625,2640.0,2640.0,2637.0,2637.0,9200
2008-07-11,1943.8017578125,2600.0,2607.0,2600.0,2607.0,9200
2008-07-14,1936.3267822265625,2590.0,2630.0,2590.0,2630.0,9200
2008-07-15,1910.159423828125,2555.0,2613.0,2555.0,2613.0,9200
2008-07-16,1883.992431640625,2520.0,2520.0,2489.0,2489.0,9200
2008-07-17,1861.564208984375,2490.0,2505.0,2455.0,2480.0,26800
2008-07-18,1816.7078857421875,2430.0,2490.0,2430.0,2490.0,26800
2008-07-22,1831.6595458984375,2450.0,2470.0,2360.0,2430.0,20000
2008-07-23,1846.6123046875,2470.0,2488.0,2470.0,2488.0,20000
2008-07-24,1854.087646484375,2480.0,2480.0,2430.0,2440.0,38100
2008-07-25,1798.016845703125,2405.0,2483.0,2405.0,2483.0,38100
2008-07-28,1715.7794189453125,2295.0,2295.0,2295.0,2295.0,38100
2008-07-29,1734.4697265625,2320.0,2320.0,2283.0,2283.0,38100
2008-07-30,1809.2315673828125,2420.0,2422.0,2420.0,2422.0,38100
2008-07-31,1816.7078857421875,2430.0,2430.0,2397.0,2397.0,38100
2008-08-01,1786.802490234375,2390.0,2425.0,2390.0,2425.0,38100
2008-08-04,1749.422119140625,2340.0,2340.0,2327.0,2327.0,38100
2008-08-05,1760.63623046875,2355.0,2355.0,2355.0,2355.0,38100
2008-08-06,1816.7078857421875,2430.0,2430.0,2354.0,2354.0,38100
2008-08-07,1779.326904296875,2380.0,2380.0,2377.0,2377.0,38100
2008-08-08,1786.802490234375,2390.0,2436.0,2390.0,2436.0,38100
2008-08-11,1790.5411376953125,2395.0,2401.0,2395.0,2401.0,38100
2008-08-12,1801.755126953125,2410.0,2415.0,2410.0,2415.0,38100
2008-08-13,1790.5411376953125,2395.0,2401.0,2395.0,2401.0,38100
2008-08-14,1835.3984375,2455.0,2455.0,2390.0,2390.0,38100
2008-08-15,1869.04052734375,2500.0,2500.0,2447.0,2447.0,38100
2008-08-18,1887.7308349609375,2525.0,2575.0,2520.0,2575.0,15000
2008-08-19,1854.087646484375,2480.0,2482.0,2480.0,2482.0,15000
2008-08-20,1854.087646484375,2480.0,2480.0,2480.0,2480.0,15000
2008-08-21,1850.350341796875,2475.0,2485.0,2445.0,2470.0,20900
2008-08-22,1865.302734375,2495.0,2495.0,2490.0,2490.0,20900
2008-08-25,1869.04052734375,2500.0,2500.0,2485.0,2485.0,11600
2008-08-26,1883.992431640625,2520.0,2520.0,2483.0,2483.0,11600
2008-08-27,1880.254150390625,2515.0,2526.0,2515.0,2526.0,11600
2008-08-28,1869.04052734375,2500.0,2500.0,2485.0,2485.0,11600
2008-08-29,1917.6358642578125,2565.0,2565.0,2548.0,2548.0,11600
2008-09-01,1869.04052734375,2500.0,2540.0,2500.0,2530.0,11600
2008-09-02,1839.135986328125,2460.0,2476.0,2460.0,2476.0,11600
2008-09-03,1865.302734375,2495.0,2495.0,2479.0,2479.0,11600
2008-09-04,1820.4459228515625,2435.0,2494.0,2435.0,2494.0,11600
2008-09-05,1831.6595458984375,2450.0,2450.0,2404.0,2404.0,11600
2008-09-08,1857.826416015625,2485.0,2485.0,2450.0,2450.0,11600
2008-09-09,1842.8743896484375,2465.0,2483.0,2465.0,2483.0,11600
2008-09-10,1786.802490234375,2390.0,2420.0,2380.0,2420.0,13400
2008-09-11,1764.3743896484375,2360.0,2373.0,2360.0,2373.0,13400
2008-09-12,1723.255126953125,2305.0,2341.0,2305.0,2341.0,13400
2008-09-16,1685.875244140625,2255.0,2255.0,2254.0,2254.0,13400
2008-09-17,1697.0889892578125,2270.0,2270.0,2245.0,2255.0,12900
2008-09-18,1697.0889892578125,2270.0,2270.0,2212.0,2212.0,12900
2008-09-19,1652.23193359375,2210.0,2301.2646484375,2210.0,2301.2646484375,12900
2008-09-22,1599.8988037109375,2140.0,2204.0,2140.0,2204.0,12900
2008-09-24,1592.4228515625,2130.0,2130.0,2123.0,2123.0,12900
2008-09-25,1547.140380859375,2050.0,2053.0,2050.0,2053.0,12900
2008-09-26,1539.593505859375,2040.0,2040.0,2039.008544921875,2039.008544921875,12900
2008-09-29,1535.8199462890625,2035.0,2040.0,2035.0,2040.0,12900
2008-09-30,1577.3291015625,2090.0,2090.0,1945.0,1945.0,12900
2008-10-01,1592.4229736328125,2110.0,2110.0,2090.0,2090.0,12900
2008-10-02,1566.00830078125,2075.0,2090.0,2075.0,2090.0,12900
2008-10-03,1539.593505859375,2040.0,2041.0,2040.0,2041.0,12900
2008-10-06,1573.5552978515625,2085.0,2085.0,2030.0,2030.0,12900
2008-10-07,1495.0660400390625,1981.0,1981.0,1981.0,1981.0,12900
2008-10-08,1485.2548828125,1968.0,1981.0,1968.0,1981.0,12900
2008-10-09,1498.839599609375,1986.0,1998.0,1986.0,1998.0,12900
2008-10-10,1562.234375,2070.0,2070.0,1952.0,1952.0,12900
2008-10-14,1421.8599853515625,1884.0,1975.0,1884.0,1975.0,12900
2008-10-15,1454.3121337890625,1927.0,1927.0,1914.0,1914.0,12900
2008-10-16,1398.4642333984375,1853.0,1910.0,1853.0,1910.0,12900
2008-10-17,1450.5386962890625,1922.0,1922.0,1887.0,1887.0,12900
2008-10-20,1460.349609375,1935.0,1935.0,1906.0,1906.0,12900
2008-10-21,1456.576416015625,1930.0,1953.3018798828125,1930.0,1953.3018798828125,12900
2008-10-22,1396.199951171875,1850.0,1916.0,1850.0,1916.0,12900
2008-10-23,1290.5419921875,1710.0,1755.0,1710.0,1755.0,12900
2008-10-24,1295.8245849609375,1717.0,1754.9761962890625,1717.0,1754.9761962890625,12900
2008-10-27,1118.4693603515625,1482.0,1718.0,1482.0,1718.0,12900
2008-10-28,1252.0517578125,1659.0,1659.0,1541.0,1541.0,12900
2008-10-29,1264.126708984375,1675.0,1675.0,1659.0,1659.0,12900
2008-10-30,1413.5579833984375,1873.0,1873.0,1732.0,1732.0,12900
2008-10-31,1425.6336669921875,1889.0,1889.0,1877.0,1877.0,12900
2008-11-04,1547.140380859375,2050.0,2050.0,1891.0,1891.0,39300
2008-11-05,1656.5723876953125,2195.0,2195.0,2055.0,2055.0,39300
2008-11-06,1524.49951171875,2020.0,2061.0,2020.0,2061.0,39300
2008-11-07,1509.4056396484375,2000.0,2035.0,2000.0,2035.0,39300
2008-11-10,1562.234375,2070.0,2070.0,2022.0,2022.0,39300
2008-11-11,1550.9141845703125,2055.0,2055.0,2052.0,2052.0,39300
2008-11-12,1566.00830078125,2075.0,2105.0,2070.0,2095.0,18500
2008-11-13,1498.0849609375,1985.0,1985.0,1984.0,1984.0,18500
2008-11-14,1481.481201171875,1963.0,1987.0,1963.0,1987.0,18500
2008-11-17,1456.576416015625,1930.0,1973.0,1930.0,1973.0,18500
2008-11-18,1438.4635009765625,1906.0,1932.0,1906.0,1932.0,18500
2008-11-19,1446.010498046875,1916.0,1916.0,1890.0,1890.0,18500
2008-11-20,1418.0865478515625,1879.0,1918.0,1879.0,1918.0,18500
2008-11-21,1436.198974609375,1903.0,1903.0,1880.0,1880.0,18500
2008-11-25,1480.726806640625,1962.0,1962.0,1906.0,1906.0,22300
2008-11-26,1430.16162109375,1895.0,1963.0,1895.0,1963.0,22300
2008-11-27,1418.0865478515625,1879.0,1886.0128173828125,1879.0,1886.0128173828125,22300
2008-11-28,1421.8599853515625,1884.0,1884.0,1880.0,1880.0,22300
2008-12-01,1384.124755859375,1834.0,1884.0,1834.0,1884.0,22300
2008-12-02,1308.6544189453125,1734.0,1835.0,1734.0,1835.0,22300
2008-12-03,1291.2962646484375,1711.0,1775.0,1711.0,1775.0,22300
2008-12-04,1190.9208984375,1578.0,1623.0,1578.0,1623.0,22300
2008-12-05,1209.78857421875,1603.0,1603.0,1579.0,1579.0,22300
2008-12-08,1264.126708984375,1675.0,1675.0,1619.0,1619.0,22300
2008-12-09,1362.238525390625,1805.0,1805.0,1732.0,1732.0,22300
2008-12-10,1442.991455078125,1912.0,1912.0,1807.0,1807.0,22300
2008-12-11,1399.21875,1854.0,1872.0,1854.0,1872.0,22300
2008-12-12,1231.6749267578125,1632.0,1856.0,1632.0,1856.0,22300
2008-12-15,1362.992919921875,1806.0,1817.0,1806.0,1817.0,22300
2008-12-16,1345.6346435546875,1783.0,1783.0,1777.0,1777.0,30000
2008-12-17,1364.5025634765625,1808.0,1808.0,1785.0,1785.0,28600
2008-12-18,1380.351318359375,1829.0,1829.0,1825.0,1825.0,19000
2008-12-19,1370.5404052734375,1816.0,1831.0,1816.0,1831.0,33300
2008-12-22,1310.1636962890625,1736.0,1736.0,1712.0,1712.0,67100
2008-12-24,1329.03173828125,1761.0,1761.0,1738.0,1738.0,8600
2008-12-25,1326.767822265625,1758.0,1759.0548095703125,1758.0,1759.0548095703125,89700
2008-12-26,1364.5025634765625,1808.0,1809.0,1753.0,1783.0,56000
2008-12-29,1388.65283203125,1840.0,1841.0,1775.0,1803.0,18100
2008-12-30,1433.93505859375,1900.0,1900.0,1900.0,1900.0,7700
2009-01-05,1394.6905517578125,1848.0,1848.0,1848.0,1848.0,5500
2009-01-06,1450.5386962890625,1922.0,1922.0,1897.0,1897.0,61200
2009-01-07,1447.5198974609375,1918.0,1929.0,1918.0,1929.0,54200
2009-01-08,1387.1434326171875,1838.0,1884.0,1838.0,1884.0,40300
2009-01-09,1433.93505859375,1900.0,1900.0,1835.0,1835.0,28100
2009-01-13,1393.180908203125,1846.0,1846.0,1846.0,1846.0,66100
2009-01-14,1435.4449462890625,1902.0,1902.0,1892.0843505859375,1892.0843505859375,36400
2009-01-15,1502.6131591796875,1991.0,1991.0,1963.0,1963.0,96100
2009-01-16,1513.17919921875,2005.0,2005.0,1986.0,1986.0,32800
2009-01-19,1516.9525146484375,2010.0,2015.0,2000.0,2010.0,11500
2009-01-20,1488.2738037109375,1972.0,1972.0,1967.0,1967.0,13800
2009-01-21,1443.7464599609375,1913.0,1928.0,1913.0,1928.0,24800
2009-01-22,1459.5955810546875,1934.0,1934.0,1914.0,1914.0,23400
2009-01-23,1416.5770263671875,1877.0,1936.0,1877.0,1936.0,23700
2009-01-26,1431.671142578125,1897.0,1897.0,1878.0,1878.0,13000
2009-01-27,1513.17919921875,2005.0,2005.0,1878.0,1878.0,12400
2009-01-28,1506.38671875,1996.0,2006.0,1996.0,2006.0,8900
2009-01-29,1483.7454833984375,1966.0,1966.0,1959.0,1959.0,15000
2009-01-30,1476.952880859375,1957.0,1967.0,1957.0,1967.0,14400
2009-02-02,1405.2564697265625,1862.0,1957.0,1862.0,1957.0,26200
2009-02-03,1378.841552734375,1827.0,1827.0,1827.0,1827.0,27600
2009-02-04,1412.8035888671875,1872.0,1872.0,1860.0,1860.0,33500
2009-02-05,1409.784423828125,1868.0,1913.0,1868.0,1913.0,30500
2009-02-06,1418.8409423828125,1880.0,1891.0205078125,1880.0,1891.0205078125,18100
2009-02-09,1403.746826171875,1860.0,1860.0,1854.0,1854.0,31000
2009-02-10,1402.992431640625,1859.0,1875.0,1771.0,1824.0,44500
2009-02-12,1350.162841796875,1789.0,1789.0,1780.0,1780.0,42300
2009-02-13,1365.2569580078125,1809.0,1815.0,1809.0,1815.0,39000
2009-02-16,1363.7479248046875,1807.0,1807.0,1807.0,1807.0,20500
2009-02-17,1310.1636962890625,1736.0,1761.0,1736.0,1761.0,38000
2009-02-18,1378.841552734375,1827.0,1827.0,1812.0,1812.0,46900
2009-02-19,1400.7281494140625,1856.0,1856.0,1829.0,1829.0,34500
2009-02-20,1396.199951171875,1850.0,1850.0,1807.0,1807.0,23400
2009-02-23,1417.33154296875,1878.0,1878.0,1840.0,1840.0,11800
2009-02-24,1430.16162109375,1895.0,1895.0,1878.0,1878.0,19800
2009-02-25,1426.3883056640625,1890.0,1890.0,1859.0,1859.0,30200
2009-02-26,1400.7281494140625,1856.0,1891.0,1856.0,1891.0,15000
2009-02-27,1433.93505859375,1900.0,1900.0,1837.0,1837.0,14000
2009-03-02,1396.199951171875,1850.0,1900.0,1850.0,1900.0,17800
2009-03-03,1366.01171875,1810.0,1841.0,1810.0,1841.0,17600
2009-03-04,1422.61474609375,1885.0,1885.0,1880.0,1880.0,19400
2009-03-05,1485.2548828125,1968.0,1968.0,1940.0,1940.0,26500
2009-03-06,1473.1796875,1952.0,1956.0,1952.0,1956.0,25500
2009-03-09,1464.1231689453125,1940.0,1954.0,1940.0,1954.0,16600
2009-03-10,1459.5955810546875,1934.0,1961.0,1934.0,1961.0,12400
2009-03-11,1485.2548828125,1968.0,1968.0,1939.0,1939.0,7500
2009-03-12,1471.6700439453125,1950.0,1968.0,1950.0,1968.0,19000
2009-03-13,1445.2557373046875,1915.0,1920.0,1915.0,1920.0,39100
2009-03-16,1485.2548828125,1968.0,1968.0,1955.0,1955.0,21100
2009-03-17,1496.57568359375,1983.0,1983.0,1983.0,1983.0,23100
2009-03-18,1499.5941162109375,1987.0,1987.0,1984.0,1984.0,21300
2009-03-19,1520.72607421875,2015.0,2015.0,1987.0,1987.0,17000
2009-03-23,1584.87548828125,2100.0,2100.0,2089.0,2089.0,21100
2009-03-24,1611.2901611328125,2135.0,2135.0,2090.0,2090.0,27400
2009-03-25,1584.87548828125,2100.0,2135.0,2100.0,2135.0,49200
2009-03-26,1611.54443359375,2115.0,2115.0,2072.0,2072.0,16100
2009-03-27,1630.59326171875,2140.0,2161.0,2140.0,2161.0,12300
2009-03-30,1600.1146240234375,2100.0,2153.0,2100.0,2153.0,12000
2009-03-31,1588.6854248046875,2085.0,2102.0,2085.0,2102.0,8700
2009-04-01,1546.7774658203125,2030.0,2030.0,2024.0,2024.0,27900
2009-04-02,1581.0660400390625,2075.0,2075.0,2064.0,2064.0,8500
2009-04-03,1581.0660400390625,2075.0,2075.0,2040.0,2040.0,18400
2009-04-06,1569.63623046875,2060.0,2092.0,2060.0,2092.0,16100
2009-04-07,1619.1636962890625,2125.0,2125.0,2066.0,2066.0,15800
2009-04-08,1630.59326171875,2140.0,2140.0,2117.0,2117.0,10200
2009-04-09,1699.1695556640625,2230.0,2230.0,2192.0,2192.0,19100
2009-04-10,1657.2620849609375,2175.0,2175.0,2145.0,2145.0,12900
2009-04-13,1649.6422119140625,2165.0,2165.0,2149.0,2149.0,9400
2009-04-14,1642.0225830078125,2155.0,2155.0,2139.0,2139.0,6200
2009-04-15,1657.2620849609375,2175.0,2175.0,2163.0,2163.0,5600
2009-04-16,1664.88134765625,2185.0,2185.0,2175.0,2175.0,3700
2009-04-17,1649.6422119140625,2165.0,2188.0,2165.0,2188.0,6500
2009-04-20,1513.2515869140625,1986.0,2017.0,1986.0,2017.0,60400
2009-04-21,1521.633056640625,1997.0,1997.0,1997.0,1997.0,20900
2009-04-22,1527.7288818359375,2005.0,2009.0,2005.0,2009.0,12200
2009-04-23,1527.7288818359375,2005.0,2005.0,1986.0,1986.0,18000
2009-04-24,1501.8221435546875,1971.0,1971.0,1948.0,1948.0,13500
2009-04-27,1497.2501220703125,1965.0,2005.0,1965.0,2005.0,5600
2009-04-28,1463.7242431640625,1921.0,2004.0,1921.0,2004.0,15900
2009-04-30,1523.156982421875,1999.0,2025.0,1998.0,2020.0,10900
2009-05-01,1531.5386962890625,2010.0,2010.0,2000.0,2000.0,4300
2009-05-07,1569.63623046875,2060.0,2076.0,2060.0,2076.0,17300
2009-05-08,1638.212890625,2150.0,2153.0,2150.0,2153.0,17100
2009-05-11,1653.451904296875,2170.0,2170.0,2151.0,2151.0,14100
2009-05-12,1634.4029541015625,2145.0,2171.0,2145.0,2171.0,15100
2009-05-13,1622.9737548828125,2130.0,2147.0,2130.0,2147.0,6700
2009-05-14,1619.1636962890625,2125.0,2156.0,2125.0,2156.0,12300
2009-05-15,1615.354248046875,2120.0,2134.0,2120.0,2134.0,10600
2009-05-18,1584.8756103515625,2080.0,2084.0,2080.0,2084.0,11700
2009-05-19,1611.54443359375,2115.0,2115.0,2095.0,2095.0,10900
2009-05-20,1626.7833251953125,2135.0,2135.0,2116.0,2116.0,11200
2009-05-21,1596.3048095703125,2095.0,2095.0,2074.0,2074.0,20000
2009-05-22,1558.207275390625,2045.0,2045.0,2037.0,2037.0,13900
2009-05-25,1514.7752685546875,1988.0,1988.0,1988.0,1988.0,30000
2009-05-26,1520.87109375,1996.0,1996.0,1980.0,1980.0,26100
2009-05-27,1501.8221435546875,1971.0,1971.0,1957.0,1957.0,23100
2009-05-28,1492.678466796875,1959.0,1972.0,1959.0,1972.0,16600
2009-05-29,1494.202392578125,1961.0,1961.0,1960.0,1960.0,25100
2009-06-01,1482.011474609375,1945.0,1965.0,1940.0,1961.0,12000
2009-06-02,1475.1533203125,1936.0,1946.0,1936.0,1946.0,15900
2009-06-03,1466.77197265625,1925.0,1929.0,1925.0,1929.0,18200
2009-06-04,1454.58056640625,1909.0,1935.0,1909.0,1935.0,20000
2009-06-05,1453.0565185546875,1907.0,1916.0,1898.0,1898.0,19500
2009-06-08,1459.9140625,1916.0,1916.0,1913.0,1913.0,31800
2009-06-09,1461.4383544921875,1918.0,1918.0,1904.0,1904.0,24100
2009-06-10,1482.011474609375,1945.0,1945.0,1926.0,1926.0,12100
2009-06-11,1476.6773681640625,1938.0,1939.0,1925.0,1928.0,13500
2009-06-12,1495.7264404296875,1963.0,1965.0,1950.0,1953.0,54900
2009-06-15,1498.7745361328125,1967.0,1985.0,1964.0,1967.0,32100
2009-06-16,1487.3448486328125,1952.0,1990.0,1949.0,1960.0,56200
2009-06-17,1506.393798828125,1977.0,1982.0,1970.0,1974.0,32400
2009-06-18,1508.679931640625,1980.0,1989.0,1970.0,1973.0,53700
2009-06-19,1510.9658203125,1983.0,2005.0,1983.0,1996.0,63000
2009-06-22,1539.1578369140625,2020.0,2025.0,1998.0,2005.0,36200
2009-06-23,1523.9190673828125,2000.0,2010.0,2000.0,2010.0,27700
2009-06-24,1527.7288818359375,2005.0,2020.0,2000.0,2005.0,19000
2009-06-25,1588.6854248046875,2085.0,2115.0,2020.0,2020.0,24700
2009-06-26,1615.354248046875,2120.0,2130.0,2070.0,2100.0,19600
2009-06-29,1622.9737548828125,2130.0,2130.0,2095.0,2130.0,20800
2009-06-30,1615.354248046875,2120.0,2130.0,2110.0,2125.0,9100
2009-07-01,1611.54443359375,2115.0,2125.0,2060.0,2105.0,12300
2009-07-02,1611.54443359375,2115.0,2115.0,2100.0,2115.0,12800
2009-07-03,1607.734619140625,2110.0,2130.0,2045.0,2075.0,14600
2009-07-06,1581.0660400390625,2075.0,2115.0,2060.0,2115.0,13600
2009-07-07,1584.8756103515625,2080.0,2095.0,2065.0,2070.0,41800
2009-07-08,1565.8267822265625,2055.0,2080.0,2055.0,2080.0,13700
2009-07-09,1558.207275390625,2045.0,2095.0,2040.0,2075.0,33900
2009-07-10,1539.1578369140625,2020.0,2030.0,1981.0,2030.0,34200
2009-07-13,1531.5386962890625,2010.0,2050.0,2010.0,2040.0,28300
2009-07-14,1523.9190673828125,2000.0,2005.0,1980.0,1980.0,20200
2009-07-15,1494.9644775390625,1962.0,1984.0,1941.0,1961.0,30100
2009-07-16,1491.9166259765625,1958.0,1971.0,1953.0,1970.0,16700
2009-07-17,1496.488525390625,1964.0,1975.0,1959.0,1970.0,12900
2009-07-21,1523.156982421875,1999.0,2010.0,1976.0,1993.0,18700
2009-07-22,1527.7288818359375,2005.0,2025.0,1976.0,2020.0,16200
2009-07-23,1523.9190673828125,2000.0,2015.0,1989.0,2000.0,26000
2009-07-24,1539.1578369140625,2020.0,2035.0,2000.0,2035.0,12500
2009-07-27,1558.207275390625,2045.0,2050.0,2030.0,2030.0,13100
2009-07-28,1542.9674072265625,2025.0,2070.0,2025.0,2065.0,9100
2009-07-29,1546.7774658203125,2030.0,2035.0,2000.0,2025.0,11200
2009-07-30,1539.1578369140625,2020.0,2030.0,2020.0,2030.0,12000
2009-07-31,1550.5877685546875,2035.0,2060.0,2020.0,2060.0,9000
2009-08-03,1554.397705078125,2040.0,2050.0,2025.0,2050.0,12500
2009-08-04,1550.5877685546875,2035.0,2045.0,2025.0,2045.0,19300
2009-08-05,1554.397705078125,2040.0,2060.0,2040.0,2045.0,9000
2009-08-06,1546.7774658203125,2030.0,2045.0,2030.0,2045.0,12700
2009-08-07,1531.5386962890625,2010.0,2020.0,1988.0,2020.0,9700
2009-08-10,1542.9674072265625,2025.0,2035.0,2020.0,2030.0,4000
2009-08-11,1539.1578369140625,2020.0,2060.0,2005.0,2020.0,6900
2009-08-12,1523.9190673828125,2000.0,2010.0,1981.0,1995.0,13800
2009-08-13,1535.3482666015625,2015.0,2020.0,2000.0,2015.0,7300
2009-08-14,1535.3482666015625,2015.0,2020.0,1993.0,2020.0,19600
2009-08-17,1523.9190673828125,2000.0,2025.0,1998.0,2025.0,18300
2009-08-18,1535.3482666015625,2015.0,2025.0,2000.0,2020.0,12900
2009-08-19,1550.5877685546875,2035.0,2035.0,2000.0,2000.0,14600
2009-08-20,1565.8267822265625,2055.0,2065.0,2015.0,2040.0,12000
2009-08-21,1615.354248046875,2120.0,2150.0,2035.0,2060.0,18200
2009-08-24,1672.5010986328125,2195.0,2220.0,2165.0,2205.0,13100
2009-08-25,1649.6422119140625,2165.0,2200.0,2155.0,2200.0,8800
2009-08-26,1683.9305419921875,2210.0,2220.0,2175.0,2180.0,14300
2009-08-27,1657.2620849609375,2175.0,2205.0,2145.0,2205.0,7100
2009-08-28,1687.740234375,2215.0,2225.0,2175.0,2200.0,7100
2009-08-31,1680.1202392578125,2205.0,2230.0,2175.0,2215.0,5000
2009-09-02,1695.3599853515625,2225.0,2230.0,2200.0,2230.0,13300
2009-09-03,1676.310791015625,2200.0,2210.0,2200.0,2205.0,8100
2009-09-04,1676.310791015625,2200.0,2215.0,2200.0,2205.0,6900
2009-09-07,1676.310791015625,2200.0,2220.0,2200.0,2220.0,3200
2009-09-08,1702.9793701171875,2235.0,2240.0,2200.0,2220.0,12500
2009-09-09,1676.310791015625,2200.0,2240.0,2190.0,2240.0,10600
2009-09-10,1752.5069580078125,2300.0,2395.0,2200.0,2200.0,33200
2009-09-11,1695.3599853515625,2225.0,2350.0,2200.0,2340.0,34700
2009-09-14,1725.83837890625,2265.0,2265.0,2170.0,2200.0,38600
2009-09-15,1702.9793701171875,2235.0,2290.0,2230.0,2240.0,9200
2009-09-16,1676.310791015625,2200.0,2280.0,2200.0,2245.0,17000
2009-09-17,1710.59912109375,2245.0,2245.0,2200.0,2210.0,18400
2009-09-18,1767.746337890625,2320.0,2330.0,2230.0,2245.0,18100
2009-09-21,1767.746337890625,2320.0,2320.0,2320.0,2320.0,0
2009-09-24,1805.84375,2370.0,2385.0,2215.0,2325.0,20400
2009-09-25,1759.93310546875,2300.0,2340.0,2290.0,2340.0,9700
2009-09-28,1782.8890380859375,2330.0,2335.0,2300.0,2310.0,7400
2009-09-29,1744.629638671875,2280.0,2300.0,2265.0,2300.0,9800
2009-09-30,1759.93310546875,2300.0,2300.0,2245.0,2245.0,12800
2009-10-01,1775.236572265625,2320.0,2345.0,2290.0,2300.0,14600
2009-10-02,1717.8477783203125,2245.0,2255.0,2200.0,2200.0,13600
2009-10-05,1752.281005859375,2290.0,2290.0,2230.0,2245.0,14200
2009-10-06,1698.7176513671875,2220.0,2250.0,2160.0,2250.0,10900
2009-10-07,1729.3253173828125,2260.0,2260.0,2240.0,2250.0,19500
2009-10-08,1698.7176513671875,2220.0,2235.0,2205.0,2235.0,10500
2009-10-09,1710.1953125,2235.0,2240.0,2200.0,2205.0,8400
2009-10-13,1710.1953125,2235.0,2235.0,2210.0,2220.0,11000
2009-10-14,1687.2398681640625,2205.0,2220.0,2200.0,2205.0,15100
2009-10-15,1687.2398681640625,2205.0,2215.0,2195.0,2200.0,16200
2009-10-16,1691.06591796875,2210.0,2215.0,2170.0,2215.0,11100
2009-10-19,1694.8922119140625,2215.0,2220.0,2185.0,2210.0,12000
2009-10-20,1694.8922119140625,2215.0,2230.0,2205.0,2215.0,9600
2009-10-21,1694.8922119140625,2215.0,2230.0,2175.0,2175.0,14200
2009-10-22,1679.58837890625,2195.0,2215.0,2135.0,2215.0,9800
2009-10-23,1664.2838134765625,2175.0,2200.0,2135.0,2190.0,9500
2009-10-26,1691.06591796875,2210.0,2230.0,2180.0,2180.0,7900
2009-10-27,1668.109619140625,2180.0,2190.0,2160.0,2190.0,21800
2009-10-28,1683.4139404296875,2200.0,2200.0,2170.0,2170.0,16900
2009-10-29,1664.2838134765625,2175.0,2190.0,2160.0,2190.0,23800
2009-10-30,1683.4139404296875,2200.0,2200.0,2165.0,2180.0,17100
2009-11-02,1675.76220703125,2190.0,2205.0,2180.0,2200.0,27300
2009-11-04,1671.9359130859375,2185.0,2195.0,2160.0,2190.0,9400
2009-11-05,1675.76220703125,2190.0,2200.0,2185.0,2200.0,4000
2009-11-06,1675.76220703125,2190.0,2195.0,2185.0,2190.0,4800
2009-11-09,1660.4581298828125,2170.0,2190.0,2170.0,2190.0,34100
2009-11-10,1660.4581298828125,2170.0,2195.0,2165.0,2195.0,21000
2009-11-11,1637.502685546875,2140.0,2175.0,2140.0,2170.0,15600
2009-11-12,1587.7652587890625,2075.0,2145.0,2030.0,2140.0,13600
2009-11-13,1528.0806884765625,1997.0,2050.0,1997.0,2035.0,26600
2009-11-16,1560.9837646484375,2040.0,2055.0,2025.0,2025.0,13200
2009-11-17,1503.5946044921875,1965.0,2040.0,1965.0,2040.0,9900
2009-11-18,1505.89013671875,1968.0,1989.0,1950.0,1966.0,24600
2009-11-19,1520.4287109375,1987.0,2015.0,1978.0,2015.0,12300
2009-11-20,1527.315673828125,1996.0,1996.0,1975.0,1988.0,23800
2009-11-24,1499.7685546875,1960.0,1980.0,1938.0,1980.0,14600
2009-11-25,1458.4486083984375,1906.0,1960.0,1860.0,1960.0,21300
2009-11-26,1418.6588134765625,1854.0,1885.0,1850.0,1864.0,12500
2009-11-27,1392.642333984375,1820.0,1880.0,1812.0,1850.0,15600
2009-11-30,1400.2940673828125,1830.0,1860.0,1785.0,1814.0,33400
2009-12-01,1415.597900390625,1850.0,1852.0,1804.0,1811.0,35400
2009-12-02,1414.833251953125,1849.0,1930.0,1831.0,1851.0,44200
2009-12-03,1476.81298828125,1930.0,1930.0,1850.0,1850.0,28100
2009-12-04,1503.5946044921875,1965.0,1965.0,1931.0,1950.0,23000
2009-12-07,1504.3594970703125,1966.0,1986.0,1931.0,1964.0,22100
2009-12-08,1507.4207763671875,1970.0,2035.0,1949.0,1969.0,28900
2009-12-09,1510.4814453125,1974.0,2005.0,1948.0,1971.0,9800
2009-12-10,1511.24658203125,1975.0,1998.0,1964.0,1975.0,6800
2009-12-11,1511.24658203125,1975.0,1999.0,1955.0,1975.0,21500
2009-12-14,1522.7244873046875,1990.0,1996.0,1958.0,1982.0,15900
2009-12-15,1510.4814453125,1974.0,1993.0,1961.0,1977.0,8400
2009-12-16,1517.3682861328125,1983.0,2035.0,1974.0,1974.0,16400
2009-12-17,1503.5946044921875,1965.0,2030.0,1951.0,2000.0,18500
2009-12-18,1505.1248779296875,1967.0,1972.0,1951.0,1960.0,13400
2009-12-21,1506.6551513671875,1969.0,1997.0,1945.0,1985.0,13500
2009-12-22,1513.5421142578125,1978.0,1989.0,1963.0,1968.0,10700
2009-12-24,1515.837890625,1981.0,1994.0,1953.0,1953.0,7900
2009-12-25,1515.072509765625,1980.0,1983.0,1978.0,1981.0,5300
2009-12-28,1576.28759765625,2060.0,2080.0,1990.0,1998.0,27900
2009-12-29,1580.113525390625,2065.0,2070.0,2035.0,2060.0,5100
2009-12-30,1530.376220703125,2000.0,2070.0,2000.0,2065.0,20100
2010-01-04,1575.522216796875,2059.0,2059.0,1993.0,2043.0,18800
2010-01-05,1650.5106201171875,2157.0,2197.0,2107.0,2109.0,34100
2010-01-06,1673.466552734375,2187.0,2195.0,2135.0,2157.0,18300
2010-01-07,1695.6566162109375,2216.0,2217.0,2182.0,2210.0,14500
2010-01-08,1710.1953125,2235.0,2242.0,2203.0,2232.0,13700
2010-01-12,1740.0374755859375,2274.0,2283.0,2225.0,2226.0,10900
2010-01-13,1729.3253173828125,2260.0,2293.0,2225.0,2226.0,13100
2010-01-14,1730.0904541015625,2261.0,2262.0,2213.0,2213.0,9300
2010-01-15,1730.0904541015625,2261.0,2261.0,2211.0,2212.0,9900
2010-01-18,1710.1953125,2235.0,2261.0,2201.0,2261.0,10200
2010-01-19,1710.1953125,2235.0,2251.0,2226.0,2246.0,7200
2010-01-20,1696.42236328125,2217.0,2250.0,2204.0,2250.0,7600
2010-01-21,1706.36962890625,2230.0,2248.0,2182.0,2188.0,16300
2010-01-22,1691.06591796875,2210.0,2224.0,2195.0,2219.0,12700
2010-01-25,1708.6651611328125,2233.0,2270.0,2210.0,2218.0,17300
2010-01-26,1695.6566162109375,2216.0,2274.0,2209.0,2234.0,11100
2010-01-27,1675.76220703125,2190.0,2217.0,2186.0,2216.0,9100
2010-01-28,1685.709228515625,2203.0,2234.0,2157.0,2161.0,10000
2010-01-29,1653.5714111328125,2161.0,2199.0,2156.0,2192.0,7100
2010-02-01,1624.494384765625,2123.0,2162.0,2115.0,2162.0,11800
2010-02-02,1616.842529296875,2113.0,2124.0,2090.0,2091.0,12600
2010-02-03,1644.3895263671875,2149.0,2176.0,2114.0,2114.0,9600
2010-02-04,1656.632080078125,2165.0,2194.0,2129.0,2194.0,4500
2010-02-05,1618.3731689453125,2115.0,2155.0,2096.0,2155.0,7900
2010-02-08,1558.688232421875,2037.0,2081.0,2023.0,2081.0,12600
2010-02-09,1596.182373046875,2086.0,2094.0,2001.0,2081.0,18900
2010-02-10,1609.9560546875,2104.0,2136.0,2086.0,2136.0,19800
2010-02-12,1660.4581298828125,2170.0,2170.0,2105.0,2105.0,16400
2010-02-15,1639.0325927734375,2142.0,2165.0,2120.0,2120.0,6900
2010-02-16,1671.9359130859375,2185.0,2194.0,2180.0,2183.0,7200
2010-02-17,1704.8394775390625,2228.0,2228.0,2199.0,2200.0,12400
2010-02-18,1742.3330078125,2277.0,2277.0,2169.0,2224.0,14600
2010-02-19,1673.466552734375,2187.0,2277.0,2180.0,2227.0,33800
2010-02-22,1720.9080810546875,2249.0,2268.0,2190.0,2190.0,14800
2010-02-23,1723.203369140625,2252.0,2262.0,2221.0,2249.0,10300
2010-02-24,1731.6212158203125,2263.0,2270.0,2225.0,2270.0,16700
2010-02-25,1734.6815185546875,2267.0,2284.0,2245.0,2249.0,15900
2010-02-26,1785.9488525390625,2334.0,2348.0,2280.0,2282.0,20400
2010-03-01,1813.4959716796875,2370.0,2370.0,2326.0,2326.0,9900
2010-03-02,1852.5201416015625,2421.0,2438.0,2370.0,2370.0,20400
2010-03-03,1822.677978515625,2382.0,2421.0,2348.0,2421.0,15700
2010-03-04,1823.443359375,2383.0,2383.0,2344.0,2363.0,18200
2010-03-05,1837.981689453125,2402.0,2406.0,2386.0,2400.0,16700
2010-03-08,1843.33837890625,2409.0,2420.0,2395.0,2420.0,11200
2010-03-09,1832.62548828125,2395.0,2404.0,2395.0,2398.0,16000
2010-03-10,1817.32177734375,2375.0,2390.0,2345.0,2345.0,14800
2010-03-11,1836.4512939453125,2400.0,2410.0,2379.0,2382.0,12600
2010-03-12,1832.62548828125,2395.0,2403.0,2383.0,2395.0,25900
2010-03-15,1831.0953369140625,2393.0,2395.0,2344.0,2366.0,10700
2010-03-16,1831.0953369140625,2393.0,2400.0,2365.0,2377.0,7200
2010-03-17,1831.860595703125,2394.0,2399.0,2368.0,2368.0,7100
2010-03-18,1819.6173095703125,2378.0,2392.0,2367.0,2377.0,17400
2010-03-19,1833.390625,2396.0,2403.0,2359.0,2397.0,18900
2010-03-23,1809.670166015625,2365.0,2386.0,2360.0,2380.0,16000
2010-03-24,1805.8438720703125,2360.0,2369.0,2321.0,2364.0,35700
2010-03-25,1771.41015625,2315.0,2340.0,2260.0,2324.0,54200
2010-03-26,1778.2972412109375,2324.0,2345.0,2266.0,2302.0,141400
2010-03-29,1798.278076171875,2340.0,2340.0,2293.0,2314.0,31400
2010-03-30,1832.8602294921875,2385.0,2392.0,2322.0,2327.0,34000
2010-03-31,1839.0086669921875,2393.0,2480.0,2385.0,2410.0,31400
2010-04-01,1905.867919921875,2480.0,2510.0,2412.0,2428.0,46800
2010-04-02,1882.8121337890625,2450.0,2500.0,2429.0,2500.0,43600
2010-04-05,1884.348876953125,2452.0,2469.0,2385.0,2447.0,45800
2010-04-06,1872.0533447265625,2436.0,2466.0,2422.0,2450.0,25300
2010-04-07,1885.11767578125,2453.0,2480.0,2422.0,2445.0,53400
2010-04-08,1888.9608154296875,2458.0,2476.0,2415.0,2421.0,28000
2010-04-09,1905.867919921875,2480.0,2505.0,2448.0,2458.0,20000
2010-04-12,1939.681396484375,2524.0,2575.0,2515.0,2519.0,25400
2010-04-13,1920.468505859375,2499.0,2531.0,2417.0,2524.0,25100
2010-04-14,1916.626220703125,2494.0,2570.0,2465.0,2570.0,30500
2010-04-15,1937.3760986328125,2521.0,2539.0,2479.0,2495.0,22500
2010-04-16,1922.774169921875,2502.0,2570.0,2472.0,2472.0,33700
2010-04-19,1909.7099609375,2485.0,2505.0,2456.0,2501.0,27300
2010-04-20,1902.79345703125,2476.0,2515.0,2438.0,2495.0,20000
2010-04-21,1950.4400634765625,2538.0,2563.0,2477.0,2515.0,21000
2010-04-22,1948.9033203125,2536.0,2560.0,2498.0,2550.0,36800
2010-04-23,1941.9864501953125,2527.0,2542.0,2509.0,2518.0,18400
2010-04-26,1985.0225830078125,2583.0,2620.0,2550.0,2554.0,23900
2010-04-27,1995.7808837890625,2597.0,2602.0,2583.0,2585.0,10500
2010-04-28,1959.6617431640625,2550.0,2585.0,2533.0,2547.0,30300
2010-04-30,1986.5594482421875,2585.0,2608.0,2564.0,2568.0,27600
2010-05-06,1949.6715087890625,2537.0,2585.0,2512.0,2535.0,30400
2010-05-07,2005.003173828125,2609.0,2636.0,2531.0,2587.0,33800
2010-05-10,2018.836181640625,2627.0,2630.0,2585.0,2605.0,21400
2010-05-11,2009.6141357421875,2615.0,2675.0,2614.0,2639.0,25400
2010-05-12,2021.910400390625,2631.0,2667.0,2610.0,2660.0,13000
2010-05-13,1992.7073974609375,2593.0,2611.0,2578.0,2610.0,21300
2010-05-14,1936.6068115234375,2520.0,2612.0,2520.0,2567.0,25400
2010-05-17,1867.44287109375,2430.0,2495.0,2418.0,2479.0,91800
2010-05-18,1919.7003173828125,2498.0,2534.0,2429.0,2430.0,65900
2010-05-19,1943.5230712890625,2529.0,2548.0,2461.0,2461.0,31000
2010-05-20,1922.0057373046875,2501.0,2519.0,2493.0,2506.0,34500
2010-05-21,1880.50732421875,2447.0,2470.0,2417.0,2451.0,48600
2010-05-24,1852.8409423828125,2411.0,2445.0,2389.0,2419.0,28800
2010-05-25,1829.0179443359375,2380.0,2445.0,2361.0,2411.0,37600
2010-05-26,1786.75048828125,2325.0,2398.0,2309.0,2325.0,68300
2010-05-27,1833.62890625,2386.0,2388.0,2270.0,2321.0,41600
2010-05-28,1831.3233642578125,2383.0,2416.0,2352.0,2387.0,32500
2010-05-31,1876.6644287109375,2442.0,2455.0,2383.0,2384.0,24800
2010-06-01,1903.561767578125,2477.0,2498.0,2444.0,2465.0,27400
2010-06-02,1855.1463623046875,2414.0,2453.0,2414.0,2440.0,18700
2010-06-03,1882.0440673828125,2449.0,2460.0,2413.0,2434.0,25800
2010-06-04,1840.5450439453125,2395.0,2432.0,2389.0,2432.0,23200
2010-06-07,1781.3709716796875,2318.0,2345.0,2301.0,2345.0,12600
2010-06-08,1748.3258056640625,2275.0,2286.0,2257.0,2268.0,28600
2010-06-09,1731.419189453125,2253.0,2300.0,2224.0,2300.0,19000
2010-06-10,1797.5093994140625,2339.0,2341.0,2279.0,2279.0,18000
2010-06-11,1787.518798828125,2326.0,2356.0,2303.0,2303.0,43300
2010-06-14,1809.8055419921875,2355.0,2375.0,2338.0,2338.0,9800
2010-06-15,1786.75048828125,2325.0,2351.0,2320.0,2331.0,9400
2010-06-16,1795.203857421875,2336.0,2409.0,2320.0,2409.0,16600
2010-06-17,1775.9923095703125,2311.0,2337.0,2295.0,2337.0,23000
2010-06-18,1731.419189453125,2253.0,2312.0,2230.0,2299.0,26300
2010-06-21,1746.78857421875,2273.0,2296.0,2232.0,2235.0,29900
2010-06-22,1708.3642578125,2223.0,2240.0,2201.0,2240.0,32500
2010-06-23,1673.0133056640625,2177.0,2198.0,2143.0,2198.0,32700
2010-06-24,1657.6434326171875,2157.0,2177.0,2149.0,2162.0,29000
2010-06-25,1643.0423583984375,2138.0,2168.0,2114.0,2168.0,20900
2010-06-28,1619.218505859375,2107.0,2138.0,2103.0,2130.0,24900
2010-06-29,1606.1544189453125,2090.0,2150.0,2085.0,2119.0,27100
2010-06-30,1557.7392578125,2027.0,2055.0,1981.0,2052.0,26200
2010-07-01,1557.7392578125,2027.0,2062.0,1966.0,1977.0,56300
2010-07-02,1623.8297119140625,2113.0,2113.0,2068.0,2090.0,28500
2010-07-05,1650.72705078125,2148.0,2155.0,2088.0,2088.0,24100
2010-07-06,1687.6143798828125,2196.0,2196.0,2133.0,2148.0,18600
2010-07-07,1621.5242919921875,2110.0,2174.0,2101.0,2173.0,29600
2010-07-08,1649.958740234375,2147.0,2155.0,2129.0,2130.0,11200
2010-07-09,1659.9490966796875,2160.0,2169.0,2121.0,2138.0,16200
2010-07-12,1667.6339111328125,2170.0,2189.0,2160.0,2175.0,17300
2010-07-13,1669.1710205078125,2172.0,2190.0,2166.0,2184.0,24100
2010-07-14,1694.5311279296875,2205.0,2221.0,2192.0,2202.0,14800
2010-07-15,1649.1898193359375,2146.0,2180.0,2146.0,2180.0,18100
2010-07-16,1615.376220703125,2102.0,2141.0,2093.0,2128.0,17800
2010-07-21,1581.5625,2058.0,2129.0,2057.0,2099.0,28300
2010-07-22,1574.646240234375,2049.0,2065.0,2032.0,2032.0,22800
2010-07-23,1615.376220703125,2102.0,2123.0,2093.0,2099.0,19100
2010-07-26,1630.74609375,2122.0,2136.0,2106.0,2129.0,7500
2010-07-27,1654.569580078125,2153.0,2180.0,2126.0,2126.0,23700
2010-07-28,1680.6982421875,2187.0,2202.0,2177.0,2177.0,16900
2010-07-29,1682.2357177734375,2189.0,2200.0,2175.0,2187.0,19400
2010-07-30,1646.8841552734375,2143.0,2165.0,2050.0,2165.0,18700
2010-08-02,1613.071044921875,2099.0,2131.0,2092.0,2131.0,27800
2010-08-03,1650.72705078125,2148.0,2152.0,2100.0,2100.0,21600
2010-08-04,1686.078125,2194.0,2198.0,2140.0,2146.0,31800
2010-08-05,1689.92041015625,2199.0,2222.0,2180.0,2201.0,28300
2010-08-06,1695.2999267578125,2206.0,2210.0,2166.0,2201.0,30800
2010-08-09,1688.3831787109375,2197.0,2210.0,2180.0,2203.0,14500
2010-08-10,1672.2449951171875,2176.0,2207.0,2176.0,2197.0,19800
2010-08-11,1672.2449951171875,2176.0,2189.0,2131.0,2166.0,25400
2010-08-12,1659.1802978515625,2159.0,2169.0,2136.0,2136.0,39100
2010-08-13,1683.7723388671875,2191.0,2201.0,2165.0,2165.0,18600
2010-08-16,1679.929443359375,2186.0,2191.0,2141.0,2191.0,17400
2010-08-17,1691.457275390625,2201.0,2204.0,2186.0,2200.0,14300
2010-08-18,1691.457275390625,2201.0,2222.0,2181.0,2181.0,18100
2010-08-19,1693.7628173828125,2204.0,2223.0,2184.0,2222.0,29700
2010-08-20,1666.865234375,2169.0,2194.0,2149.0,2150.0,24100
2010-08-23,1683.7723388671875,2191.0,2220.0,2132.0,2168.0,65300
2010-08-24,1689.92041015625,2199.0,2220.0,2132.0,2168.0,31800
2010-08-25,1689.92041015625,2199.0,2207.0,2182.0,2201.0,26300
2010-08-26,1683.0037841796875,2190.0,2190.0,2115.0,2149.0,59100
2010-08-27,1739.872314453125,2264.0,2340.0,2184.0,2190.0,35500
2010-08-30,1756.7791748046875,2286.0,2340.0,2259.0,2291.0,23500
2010-08-31,1693.7628173828125,2204.0,2287.0,2196.0,2245.0,21900
2010-09-01,1699.9105224609375,2212.0,2223.0,2171.0,2219.0,37600
2010-09-02,1703.753173828125,2217.0,2226.0,2196.0,2213.0,29800
2010-09-03,1706.0587158203125,2220.0,2232.0,2199.0,2200.0,30200
2010-09-06,1739.1044921875,2263.0,2267.0,2205.0,2207.0,32700
2010-09-07,1738.335205078125,2262.0,2278.0,2245.0,2263.0,12300
2010-09-08,1706.826904296875,2221.0,2255.0,2203.0,2255.0,28300
2010-09-09,1705.2900390625,2219.0,2235.0,2214.0,2235.0,34700
2010-09-10,1695.2999267578125,2206.0,2217.0,2196.0,2210.0,31900
2010-09-13,1676.855712890625,2182.0,2206.0,2172.0,2206.0,22100
2010-09-14,1665.3287353515625,2167.0,2186.0,2154.0,2186.0,19100
2010-09-16,1667.6339111328125,2170.0,2176.0,2150.0,2172.0,19000
2010-09-17,1662.25439453125,2163.0,2180.0,2149.0,2167.0,19400
2010-09-21,1642.2734375,2137.0,2179.0,2137.0,2179.0,15500
2010-09-22,1633.051513671875,2125.0,2157.0,2118.0,2137.0,28200
2010-09-24,1613.839111328125,2100.0,2132.0,2100.0,2108.0,37000
2010-09-27,1653.801025390625,2152.0,2152.0,2108.0,2115.0,41000
2010-09-28,1676.9637451171875,2172.0,2234.0,2127.0,2163.0,36900
2010-09-29,1717.8839111328125,2225.0,2233.0,2185.0,2185.0,30800
2010-09-30,1680.823974609375,2177.0,2253.0,2170.0,2241.0,24600
2010-10-01,1701.6702880859375,2204.0,2210.0,2152.0,2157.0,33900
2010-10-04,1693.17724609375,2193.0,2219.0,2160.0,2205.0,33500
2010-10-05,1735.641845703125,2248.0,2275.0,2164.0,2192.0,33800
2010-10-06,1740.274169921875,2254.0,2289.0,2237.0,2253.0,22100
2010-10-07,1766.52490234375,2288.0,2293.0,2250.0,2270.0,15300
2010-10-08,1747.9947509765625,2264.0,2321.0,2262.0,2304.0,38600
2010-10-12,1705.5303955078125,2209.0,2320.0,2180.0,2273.0,29400
2010-10-13,1693.17724609375,2193.0,2320.0,2161.0,2273.0,39200
2010-10-14,1718.65576171875,2226.0,2235.0,2206.0,2207.0,27200
2010-10-15,1685.4564208984375,2183.0,2223.0,2160.0,2211.0,36500
2010-10-18,1710.163330078125,2215.0,2231.0,2177.0,2177.0,16200
2010-10-19,1706.3028564453125,2210.0,2263.0,2192.0,2234.0,25400
2010-10-20,1697.037841796875,2198.0,2233.0,2169.0,2210.0,31700
2010-10-21,1693.17724609375,2193.0,2247.0,2178.0,2247.0,29700
2010-10-22,1705.5303955078125,2209.0,2243.0,2184.0,2184.0,24600
2010-10-25,1690.861083984375,2190.0,2232.0,2158.0,2210.0,27500
2010-10-26,1719.427978515625,2227.0,2254.0,2158.0,2210.0,33800
2010-10-27,1714.795166015625,2221.0,2250.0,2203.0,2228.0,24200
2010-10-28,1695.4932861328125,2196.0,2227.0,2175.0,2221.0,25700
2010-10-29,1672.3314208984375,2166.0,2227.0,2133.0,2221.0,18400
2010-11-01,1626.006103515625,2106.0,2177.0,2101.0,2125.0,99600
2010-11-02,1598.9833984375,2071.0,2100.0,2040.0,2100.0,44800
2010-11-04,1612.8804931640625,2089.0,2132.0,2083.0,2098.0,39700
2010-11-05,1646.8521728515625,2133.0,2146.0,2106.0,2106.0,35900
2010-11-08,1646.8521728515625,2133.0,2142.0,2094.0,2134.0,20400
2010-11-09,1614.425048828125,2091.0,2135.0,2085.0,2133.0,40400
2010-11-10,1605.9317626953125,2080.0,2107.0,2067.0,2084.0,34900
2010-11-11,1602.0712890625,2075.0,2078.0,2037.0,2056.0,44200
2010-11-12,1595.8951416015625,2067.0,2115.0,2067.0,2075.0,41800
2010-11-15,1621.373291015625,2100.0,2105.0,2067.0,2082.0,25600
2010-11-16,1585.858154296875,2054.0,2098.0,2050.0,2097.0,37500
2010-11-17,1588.9461669921875,2058.0,2063.0,2046.0,2053.0,14600
2010-11-18,1621.373291015625,2100.0,2105.0,2064.0,2066.0,25200
2010-11-19,1602.8436279296875,2076.0,2101.0,2071.0,2100.0,13900
2010-11-22,1619.829345703125,2098.0,2109.0,2072.0,2073.0,22700
2010-11-24,1622.1455078125,2101.0,2118.0,2077.0,2098.0,23200
2010-11-25,1636.0430908203125,2119.0,2141.0,2105.0,2116.0,26300
2010-11-26,1626.006103515625,2106.0,2132.0,2090.0,2120.0,20300
2010-11-29,1627.550048828125,2108.0,2140.0,2101.0,2107.0,13500
2010-11-30,1610.564697265625,2086.0,2126.0,2085.0,2100.0,24700
2010-12-01,1630.6385498046875,2112.0,2115.0,2069.0,2069.0,21000
2010-12-02,1631.41064453125,2113.0,2144.0,2099.0,2144.0,23400
2010-12-03,1669.2425537109375,2162.0,2204.0,2111.0,2111.0,29100
2010-12-06,1673.103271484375,2167.0,2177.0,2150.0,2164.0,10500
2010-12-07,1665.38232421875,2157.0,2168.0,2114.0,2168.0,21100
2010-12-08,1673.8751220703125,2168.0,2168.0,2130.0,2154.0,19000
2010-12-09,1666.154296875,2158.0,2175.0,2152.0,2167.0,16400
2010-12-10,1668.4703369140625,2161.0,2174.0,2132.0,2159.0,35600
2010-12-13,1666.154296875,2158.0,2172.0,2129.0,2161.0,20400
2010-12-14,1689.3167724609375,2188.0,2194.0,2159.0,2159.0,29100
2010-12-15,1690.0889892578125,2189.0,2189.0,2153.0,2174.0,25200
2010-12-16,1691.6331787109375,2191.0,2197.0,2178.0,2189.0,15000
2010-12-17,1705.5303955078125,2209.0,2218.0,2169.0,2170.0,27300
2010-12-20,1693.17724609375,2193.0,2221.0,2191.0,2210.0,18800
2010-12-21,1708.6185302734375,2213.0,2224.0,2183.0,2198.0,12300
2010-12-22,1690.0889892578125,2189.0,2216.0,2175.0,2207.0,21100
2010-12-24,1678.5079345703125,2174.0,2190.0,2172.0,2173.0,6900
2010-12-27,1699.353515625,2201.0,2206.0,2188.0,2188.0,14800
2010-12-28,1700.1259765625,2202.0,2220.0,2197.0,2206.0,9400
2010-12-29,1727.920654296875,2238.0,2238.0,2198.0,2205.0,15600
2010-12-30,1717.8839111328125,2225.0,2266.0,2216.0,2239.0,11200
2011-01-04,1747.2235107421875,2263.0,2271.0,2221.0,2226.0,15500
2011-01-05,1773.4736328125,2297.0,2298.0,2269.0,2269.0,25700
2011-01-06,1763.4371337890625,2284.0,2309.0,2262.0,2297.0,14400
2011-01-07,1748.767333984375,2265.0,2297.0,2264.0,2297.0,15100
2011-01-11,1726.3768310546875,2236.0,2264.0,2231.0,2264.0,20900
2011-01-12,1717.8839111328125,2225.0,2255.0,2222.0,2247.0,13200
2011-01-13,1728.6929931640625,2239.0,2250.0,2222.0,2225.0,20300
2011-01-14,1735.641845703125,2248.0,2270.0,2243.0,2250.0,15700
2011-01-17,1737.1861572265625,2250.0,2264.0,2248.0,2264.0,5600
2011-01-18,1740.274169921875,2254.0,2263.0,2247.0,2261.0,11000
2011-01-19,1768.0693359375,2290.0,2296.0,2263.0,2263.0,15100
2011-01-20,1768.8411865234375,2291.0,2300.0,2288.0,2290.0,21800
2011-01-21,1744.90673828125,2260.0,2300.0,2253.0,2291.0,29100
2011-01-24,1751.855224609375,2269.0,2273.0,2246.0,2273.0,9300
2011-01-25,1777.3336181640625,2302.0,2314.0,2260.0,2270.0,15700
2011-01-26,1772.70166015625,2296.0,2338.0,2295.0,2300.0,11400
2011-01-27,1776.5618896484375,2301.0,2317.0,2300.0,2304.0,8900
2011-01-28,1765.753173828125,2287.0,2313.0,2280.0,2313.0,24700
2011-01-31,1737.1861572265625,2250.0,2301.0,2231.0,2237.0,27300
2011-02-01,1747.9947509765625,2264.0,2291.0,2241.0,2250.0,8600
2011-02-02,1764.9808349609375,2286.0,2309.0,2266.0,2266.0,15000
2011-02-03,1748.767333984375,2265.0,2287.0,2231.0,2286.0,18100
2011-02-04,1768.0693359375,2290.0,2302.0,2275.0,2285.0,15300
2011-02-07,1783.5106201171875,2310.0,2318.0,2287.0,2310.0,19800
2011-02-08,1791.2320556640625,2320.0,2340.0,2319.0,2319.0,10600
2011-02-09,1805.129150390625,2338.0,2343.0,2330.0,2339.0,14700
2011-02-10,1812.85009765625,2348.0,2353.0,2330.0,2338.0,8000
2011-02-14,1837.556640625,2380.0,2406.0,2164.0,2193.0,15600
2011-02-15,1836.0123291015625,2378.0,2392.0,2378.0,2381.0,8100
2011-02-16,1837.556640625,2380.0,2411.0,2376.0,2378.0,19100
2011-02-17,1810.533447265625,2345.0,2398.0,2325.0,2398.0,49700
2011-02-18,1807.4456787109375,2341.0,2358.0,2321.0,2340.0,13700
2011-02-21,1774.246337890625,2298.0,2341.0,2292.0,2341.0,24600
2011-02-22,1770.3857421875,2293.0,2316.0,2283.0,2298.0,23900
2011-02-23,1748.767333984375,2265.0,2305.0,2250.0,2280.0,34500
2011-02-24,1746.4510498046875,2262.0,2298.0,2252.0,2266.0,24900
2011-02-25,1708.6185302734375,2213.0,2310.0,2200.0,2263.0,62900
2011-02-28,1757.26025390625,2276.0,2283.0,2237.0,2238.0,27500
2011-03-01,1774.246337890625,2298.0,2320.0,2288.0,2288.0,14800
2011-03-02,1761.1201171875,2281.0,2317.0,2281.0,2296.0,19700
2011-03-03,1778.87841796875,2304.0,2317.0,2282.0,2282.0,26100
2011-03-04,1781.9666748046875,2308.0,2342.0,2297.0,2328.0,13600
2011-03-07,1764.9808349609375,2286.0,2314.0,2285.0,2309.0,17900
2011-03-08,1762.66455078125,2283.0,2293.0,2280.0,2286.0,11600
2011-03-09,1769.6134033203125,2292.0,2320.0,2292.0,2299.0,5600
2011-03-10,1768.0693359375,2290.0,2319.0,2284.0,2300.0,18200
2011-03-11,1747.2235107421875,2263.0,2307.0,2263.0,2300.0,53300
2011-03-14,1707.0745849609375,2211.0,2267.0,2180.0,2200.0,17700
2011-03-15,1533.35595703125,1986.0,2220.0,1845.0,2111.0,40000
2011-03-16,1585.0855712890625,2053.0,2062.0,1957.0,1957.0,35300
2011-03-17,1698.5816650390625,2200.0,2200.0,1957.0,1957.0,52400
2011-03-18,1741.04638671875,2255.0,2276.0,2190.0,2203.0,41500
2011-03-22,1749.539306640625,2266.0,2306.0,2222.0,2305.0,72500
2011-03-23,1769.6134033203125,2292.0,2370.0,2276.0,2297.0,22600
2011-03-24,1742.5902099609375,2257.0,2321.0,2257.0,2292.0,11000
2011-03-25,1744.1341552734375,2259.0,2298.0,2230.0,2279.0,15600
2011-03-28,1824.4310302734375,2363.0,2364.0,2262.0,2265.0,84700
2011-03-29,1841.4892578125,2375.0,2387.0,2316.0,2326.0,20500
2011-03-30,1887.2359619140625,2434.0,2434.0,2365.0,2375.0,145500
2011-03-31,1898.8663330078125,2449.0,2449.0,2390.0,2422.0,14600
2011-04-01,1812.8006591796875,2338.0,2450.0,2338.0,2447.0,25900
2011-04-04,1815.9019775390625,2342.0,2400.0,2325.0,2325.0,22100
2011-04-05,1761.6265869140625,2272.0,2343.0,2259.0,2343.0,22300
2011-04-06,1745.34423828125,2251.0,2290.0,2250.0,2290.0,14500
2011-04-07,1701.1485595703125,2194.0,2249.0,2194.0,2249.0,10700
2011-04-08,1730.6123046875,2232.0,2245.0,2160.0,2174.0,21800
2011-04-11,1719.7574462890625,2218.0,2232.0,2199.0,2232.0,7000
2011-04-12,1715.1048583984375,2212.0,2224.0,2187.0,2198.0,10400
2011-04-13,1730.6123046875,2232.0,2237.0,2209.0,2211.0,5100
2011-04-14,1778.6842041015625,2294.0,2304.0,2182.0,2232.0,15200
2011-04-15,1773.2574462890625,2287.0,2321.0,2281.0,2294.0,17700
2011-04-18,1767.830322265625,2280.0,2300.0,2280.0,2285.0,6800
2011-04-19,1757.75,2267.0,2280.0,2254.0,2254.0,14400
2011-04-20,1759.3006591796875,2269.0,2349.0,2253.0,2267.0,292600
2011-04-21,1737.590576171875,2241.0,2274.0,2225.0,2251.0,27000
2011-04-22,1730.6123046875,2232.0,2247.0,2220.0,2247.0,16400
2011-04-25,1725.1846923828125,2225.0,2245.0,2225.0,2232.0,9900
2011-04-26,1733.7137451171875,2236.0,2243.0,2204.0,2225.0,30800
2011-04-27,1749.2208251953125,2256.0,2270.0,2232.0,2232.0,27100
2011-04-28,1857.7716064453125,2396.0,2398.0,2305.0,2305.0,50700
2011-05-02,1822.8804931640625,2351.0,2391.0,2341.0,2388.0,31600
2011-05-06,1820.5545654296875,2348.0,2374.0,2320.0,2320.0,12400
2011-05-09,1822.8804931640625,2351.0,2370.0,2337.0,2366.0,14500
2011-05-10,1828.307861328125,2358.0,2367.0,2314.0,2364.0,17300
2011-05-11,1828.307861328125,2358.0,2390.0,2356.0,2364.0,21800
2011-05-12,1786.4383544921875,2304.0,2350.0,2295.0,2350.0,14700
2011-05-13,1738.3660888671875,2242.0,2296.0,2229.0,2295.0,14300
2011-05-16,1736.815185546875,2240.0,2267.0,2236.0,2241.0,19500
2011-05-17,1759.3006591796875,2269.0,2275.0,2240.0,2240.0,11200
2011-05-18,1774.0325927734375,2288.0,2320.0,2243.0,2244.0,13800
2011-05-19,1722.858642578125,2222.0,2310.0,2215.0,2288.0,18200
2011-05-20,1689.5181884765625,2179.0,2248.0,2179.0,2222.0,22200
2011-05-23,1654.6263427734375,2134.0,2180.0,2126.0,2180.0,18500
2011-05-24,1720.532470703125,2219.0,2220.0,2173.0,2184.0,34700
2011-05-25,1687.19189453125,2176.0,2219.0,2160.0,2219.0,14100
2011-05-26,1677.1119384765625,2163.0,2190.0,2160.0,2177.0,12100
2011-05-27,1649.9744873046875,2128.0,2149.0,2126.0,2149.0,14900
2011-05-30,1646.0975341796875,2123.0,2137.0,2119.0,2137.0,4800
2011-05-31,1689.5181884765625,2179.0,2196.0,2133.0,2133.0,19000
2011-06-01,1695.7208251953125,2187.0,2198.0,2166.0,2179.0,18700
2011-06-02,1642.2205810546875,2118.0,2141.0,2110.0,2135.0,18700
2011-06-03,1598.8004150390625,2062.0,2132.0,2060.0,2117.0,19300
2011-06-06,1583.2930908203125,2042.0,2065.0,2040.0,2054.0,11300
2011-06-07,1586.39453125,2046.0,2060.0,2020.0,2030.0,8400
2011-06-08,1562.3580322265625,2015.0,2046.0,2001.0,2046.0,33400
2011-06-09,1557.705810546875,2009.0,2026.0,1985.0,2015.0,26200
2011-06-10,1545.300537109375,1993.0,2009.0,1991.0,1991.0,38200
2011-06-13,1543.74951171875,1991.0,1995.0,1978.0,1981.0,36100
2011-06-14,1557.705810546875,2009.0,2012.0,1989.0,2012.0,10700
2011-06-15,1572.4381103515625,2028.0,2030.0,2010.0,2013.0,19500
2011-06-16,1557.705810546875,2009.0,2028.0,2000.0,2000.0,19900
2011-06-17,1545.300537109375,1993.0,2009.0,1991.0,2009.0,24300
2011-06-20,1549.9525146484375,1999.0,2015.0,1991.0,1991.0,5600
2011-06-21,1561.5828857421875,2014.0,2014.0,1997.0,2000.0,13900
2011-06-22,1570.11181640625,2025.0,2035.0,2010.0,2026.0,13600
2011-06-23,1563.908935546875,2017.0,2020.0,2004.0,2007.0,11700
2011-06-24,1561.5828857421875,2014.0,2025.0,2005.0,2007.0,15000
2011-06-27,1567.0106201171875,2021.0,2030.0,2003.0,2014.0,17000
2011-06-28,1566.235107421875,2020.0,2043.0,2015.0,2022.0,10100
2011-06-29,1607.3297119140625,2073.0,2081.0,2006.0,2055.0,21300
2011-06-30,1601.90185546875,2066.0,2073.0,2035.0,2073.0,8800
2011-07-01,1584.0684814453125,2043.0,2074.0,2042.0,2068.0,11200
2011-07-04,1613.5321044921875,2081.0,2095.0,2046.0,2046.0,22500
2011-07-05,1632.9163818359375,2106.0,2112.0,2079.0,2079.0,16400
2011-07-06,1636.0179443359375,2110.0,2110.0,2082.0,2105.0,18600
2011-07-07,1629.81494140625,2102.0,2121.0,2102.0,2110.0,7700
2011-07-08,1616.6336669921875,2085.0,2113.0,2080.0,2102.0,17300
2011-07-11,1609.6556396484375,2076.0,2090.0,2053.0,2086.0,13200
2011-07-12,1602.677490234375,2067.0,2069.0,2043.0,2050.0,6900
2011-07-13,1628.2637939453125,2100.0,2118.0,2067.0,2067.0,24900
2011-07-14,1623.6119384765625,2094.0,2114.0,2065.0,2072.0,10300
2011-07-15,1615.8583984375,2084.0,2097.0,2074.0,2074.0,8800
2011-07-19,1570.11181640625,2025.0,2065.0,2017.0,2052.0,20300
2011-07-20,1583.2930908203125,2042.0,2049.0,2028.0,2029.0,13500
2011-07-21,1565.459716796875,2019.0,2043.0,2019.0,2042.0,6900
2011-07-22,1570.8870849609375,2026.0,2039.0,2019.0,2019.0,15100
2011-07-25,1566.235107421875,2020.0,2029.0,2020.0,2027.0,6900
2011-07-26,1572.4381103515625,2028.0,2035.0,2025.0,2030.0,5600
2011-07-27,1559.2568359375,2011.0,2026.0,1998.0,2026.0,13400
2011-07-28,1558.481689453125,2010.0,2011.0,1986.0,2010.0,25800
2011-07-29,1547.626220703125,1996.0,2010.0,1994.0,2010.0,7800
2011-08-01,1531.34375,1975.0,2007.0,1972.0,1994.0,14900
2011-08-02,1490.2490234375,1922.0,1975.0,1917.0,1975.0,15400
2011-08-03,1421.2420654296875,1833.0,1891.0,1822.0,1890.0,28700
2011-08-04,1423.568115234375,1836.0,1861.0,1817.0,1833.0,16100
2011-08-05,1375.4954833984375,1774.0,1809.0,1755.0,1801.0,20000
2011-08-08,1351.45947265625,1743.0,1774.0,1727.0,1766.0,16500
2011-08-09,1364.6407470703125,1760.0,1763.0,1682.0,1709.0,33600
2011-08-10,1364.6407470703125,1760.0,1760.0,1760.0,1760.0,12100
2011-08-11,1352.2347412109375,1744.0,1760.0,1704.0,1742.0,12600
2011-08-12,1352.2347412109375,1744.0,1744.0,1744.0,1744.0,5200
2011-08-15,1337.5029296875,1725.0,1759.0,1719.0,1759.0,6400
2011-08-16,1344.4810791015625,1734.0,1734.0,1718.0,1718.0,7200
2011-08-17,1324.321533203125,1708.0,1726.0,1706.0,1708.0,18900
2011-08-18,1280.901123046875,1652.0,1652.0,1652.0,1652.0,25400
2011-08-19,1260.7418212890625,1626.0,1635.0,1566.0,1609.0,14000
2011-08-22,1246.78515625,1608.0,1686.0,1604.0,1634.0,9600
2011-08-23,1285.5533447265625,1658.0,1662.0,1617.0,1617.0,8300
2011-08-24,1263.84326171875,1630.0,1717.0,1623.0,1659.0,9500
2011-08-25,1273.1474609375,1642.0,1675.0,1635.0,1660.0,7800
2011-08-26,1301.8360595703125,1679.0,1679.0,1648.0,1656.0,6700
2011-08-29,1315.017333984375,1696.0,1698.0,1674.0,1697.0,6900
2011-08-30,1339.0535888671875,1727.0,1739.0,1700.0,1708.0,7800
2011-08-31,1317.34326171875,1699.0,1744.0,1675.0,1741.0,13000
2011-09-01,1355.3360595703125,1748.0,1765.0,1719.0,1719.0,11600
2011-09-02,1359.2130126953125,1753.0,1763.0,1749.0,1751.0,8400
2011-09-05,1331.2994384765625,1717.0,1753.0,1716.0,1753.0,3800
2011-09-06,1321.9952392578125,1705.0,1717.0,1680.0,1717.0,6800
2011-09-07,1340.155517578125,1728.421142578125,1760.0,1704.0,1705.0,9200
2011-09-08,1345.25634765625,1735.0,1763.0,1730.0,1763.0,13100
2011-09-09,1356.8868408203125,1750.0,1764.0,1733.0,1734.0,17700
2011-09-12,1343.70556640625,1733.0,1762.0,1725.0,1750.0,5700
2011-09-13,1362.314453125,1757.0,1769.0,1721.0,1729.0,6500
2011-09-14,1385.575439453125,1787.0,1805.0,1745.0,1770.0,12500
2011-09-15,1395.6553955078125,1800.0,1800.0,1760.0,1777.0,6800
2011-09-16,1435.1988525390625,1851.0,1900.0,1800.0,1800.0,18500
2011-09-20,1434.42333984375,1850.0,1884.0,1847.0,1878.0,10300
2011-09-21,1411.9376220703125,1821.0,1864.0,1821.0,1850.0,6100
2011-09-22,1384.0244140625,1785.0,1825.0,1769.0,1821.0,16200
2011-09-26,1337.5029296875,1725.0,1778.0,1725.0,1772.0,12900
2011-09-27,1432.0975341796875,1847.0,1847.0,1744.0,1744.0,11100
2011-09-28,1512.394287109375,1940.0,1940.0,1854.0,1854.0,19900
2011-09-29,1551.3734130859375,1990.0,1990.0,1899.0,1927.0,18200
2011-09-30,1549.0350341796875,1987.0,1995.0,1947.0,1990.0,18800
2011-10-03,1510.055908203125,1937.0,1975.0,1905.0,1975.0,6800
2011-10-04,1489.7862548828125,1911.0,1936.0,1900.0,1936.0,9100
2011-10-05,1451.5869140625,1862.0,1923.0,1860.0,1923.0,6900
2011-10-06,1452.3662109375,1863.0,1876.0,1847.0,1854.0,12600
2011-10-07,1430.5379638671875,1835.0,1867.0,1835.0,1864.0,12000
2011-10-11,1492.1253662109375,1914.0,1914.0,1866.0,1868.0,6900
2011-10-12,1514.7332763671875,1943.0,1957.0,1909.0,1919.0,5300
2011-10-13,1538.1207275390625,1973.0,1978.0,1959.0,1964.0,6400
2011-10-14,1525.647216796875,1957.0,1979.0,1950.0,1950.0,8700
2011-10-17,1534.222412109375,1968.0,1981.0,1967.0,1975.0,21600
2011-10-18,1523.30859375,1954.0,1975.0,1934.0,1957.0,10600
2011-10-19,1519.41064453125,1949.0,1970.0,1941.0,1966.0,14200
2011-10-20,1514.7332763671875,1943.0,1952.0,1925.0,1952.0,2900
2011-10-21,1539.6798095703125,1975.0,1985.0,1934.0,1943.0,10200
2011-10-24,1551.3734130859375,1990.0,1996.0,1985.0,1989.0,23800
2011-10-25,1527.2066650390625,1959.0,2000.0,1959.0,2000.0,5300
2011-10-26,1542.018798828125,1978.0,1978.0,1928.0,1960.0,4800
2011-10-27,1551.3734130859375,1990.0,2000.0,1921.0,1994.0,17900
2011-10-28,1531.884033203125,1965.0,1992.0,1965.0,1991.0,14700
2011-10-31,1509.2762451171875,1936.0,1988.0,1936.0,1983.0,5300
2011-11-01,1477.313232421875,1895.0,1935.0,1889.0,1935.0,4100
2011-11-02,1428.9788818359375,1833.0,1868.0,1833.0,1855.0,10900
2011-11-04,1460.162353515625,1873.0,1891.0,1843.0,1853.0,9000
2011-11-07,1446.129638671875,1855.0,1861.0,1846.0,1861.0,5700
2011-11-08,1406.3712158203125,1804.0,1860.0,1804.0,1830.0,2700
2011-11-09,1447.6890869140625,1857.0,1857.0,1796.0,1796.0,3900
2011-11-10,1442.2318115234375,1850.0,1850.0,1814.0,1843.0,3600
2011-11-11,1427.4195556640625,1831.0,1860.0,1820.0,1860.0,3500
2011-11-14,1415.7259521484375,1816.0,1867.0,1815.0,1867.0,2100
2011-11-15,1421.9625244140625,1824.0,1824.0,1794.0,1794.0,1900
2011-11-16,1411.0482177734375,1810.0,1837.0,1798.0,1798.0,2300
2011-11-17,1439.11328125,1846.0,1855.0,1816.0,1821.0,4800
2011-11-18,1428.1990966796875,1832.0,1834.0,1808.0,1822.0,4000
2011-11-21,1418.06494140625,1819.0,1832.0,1791.0,1832.0,1800
2011-11-22,1435.9951171875,1842.0,1851.0,1810.0,1810.0,3300
2011-11-24,1441.452392578125,1849.0,1860.0,1800.0,1802.0,6600
2011-11-25,1441.452392578125,1849.0,1901.0,1849.0,1850.0,4200
2011-11-28,1422.7420654296875,1825.0,1891.0,1825.0,1849.0,2900
2011-11-29,1520.18994140625,1950.0,1950.0,1827.0,1827.0,4100
2011-11-30,1551.3734130859375,1990.0,1990.0,1908.0,1935.0,8700
2011-12-01,1551.3734130859375,1990.0,1998.0,1974.0,1990.0,3800
2011-12-02,1561.508056640625,2003.0,2010.0,1972.0,1990.0,3900
2011-12-05,1560.7286376953125,2002.0,2010.0,1990.0,1990.0,2700
2011-12-06,1547.4755859375,1985.0,2025.0,1985.0,2002.0,8000
2011-12-07,1552.9326171875,1992.0,2022.0,1980.0,1982.0,7100
2011-12-08,1558.3900146484375,1999.0,2000.0,1974.0,1999.0,8300
2011-12-09,1525.647216796875,1957.0,1981.0,1950.0,1959.0,14000
2011-12-12,1543.5777587890625,1980.0,1992.0,1980.0,1992.0,2300
2011-12-13,1552.9326171875,1992.0,2013.0,1948.0,1980.0,9700
2011-12-14,1527.2066650390625,1959.0,1992.0,1959.0,1992.0,3200
2011-12-15,1566.965576171875,2010.0,2020.0,1948.0,1948.0,5500
2011-12-16,1512.394287109375,1940.0,2017.0,1940.0,1998.0,4600
2011-12-19,1506.157958984375,1932.0,1941.0,1921.0,1940.0,5200
2011-12-20,1536.5614013671875,1971.0,1998.0,1932.0,1944.0,2800
2011-12-21,1544.357421875,1981.0,1991.0,1971.0,1971.0,900
2011-12-22,1524.86767578125,1956.0,1992.0,1921.0,1971.0,5200
2011-12-26,1535.0020751953125,1969.0,1969.0,1957.0,1957.0,600
2011-12-27,1543.5777587890625,1980.0,1980.0,1969.0,1969.0,600
2011-12-28,1520.969482421875,1951.0,1984.0,1946.0,1980.0,3300
2011-12-29,1539.6798095703125,1975.0,1976.0,1951.0,1963.0,1500
2011-12-30,1538.900390625,1974.0,1992.0,1974.0,1992.0,3000
2012-01-04,1547.4755859375,1985.0,2016.0,1965.0,2015.0,12500
2012-01-05,1536.5614013671875,1971.0,1992.0,1962.0,1974.0,2800
2012-01-06,1544.357421875,1981.0,1982.0,1962.0,1972.0,3900
2012-01-10,1542.018798828125,1978.0,1997.0,1963.0,1992.0,5900
2012-01-11,1545.9168701171875,1983.0,2009.0,1975.0,1996.0,3100
2012-01-12,1520.18994140625,1950.0,1980.0,1950.0,1975.0,5900
2012-01-13,1532.6634521484375,1966.0,1974.0,1950.0,1950.0,2400
2012-01-16,1534.222412109375,1968.0,1968.0,1954.0,1954.0,700
2012-01-17,1542.018798828125,1978.0,1978.0,1968.0,1968.0,400
2012-01-18,1550.593994140625,1989.0,2009.0,1975.0,1985.0,3700
2012-01-19,1551.3734130859375,1990.0,2000.0,1988.0,1988.0,2000
2012-01-20,1580.21826171875,2027.0,2047.0,2005.0,2005.0,12300
2012-01-23,1574.76123046875,2020.0,2035.0,1990.0,2035.0,2800
2012-01-24,1553.7127685546875,1993.0,2035.0,1992.0,2035.0,3300
2012-01-25,1559.1695556640625,2000.0,2011.0,1998.0,2005.0,8100
2012-01-26,1559.1695556640625,2000.0,2015.0,2000.0,2006.0,3000
2012-01-27,1555.271484375,1995.0,2000.0,1995.0,2000.0,1000
2012-01-30,1558.3900146484375,1999.0,1999.0,1999.0,1999.0,1000
2012-01-31,1559.1695556640625,2000.0,2001.0,1992.0,1992.0,4700
2012-02-01,1557.6102294921875,1998.0,2010.0,1990.0,2000.0,3700
2012-02-02,1559.1695556640625,2000.0,2038.0,1988.0,2038.0,4500
2012-02-03,1554.4920654296875,1994.0,2009.0,1994.0,2000.0,2600
2012-02-06,1560.7286376953125,2002.0,2029.0,1920.0,1997.0,8400
2012-02-07,1557.6102294921875,1998.0,2010.0,1993.0,2000.0,7800
2012-02-08,1567.744873046875,2011.0,2019.0,1991.0,2009.0,13200
2012-02-09,1556.8306884765625,1997.0,2019.0,1997.0,2004.0,12200
2012-02-10,1557.6102294921875,1998.0,2008.0,1991.0,2008.0,9400
2012-02-13,1566.185546875,2009.0,2011.0,1995.0,1995.0,5200
2012-02-14,1566.965576171875,2010.0,2015.0,1990.0,2001.0,17700
2012-02-15,1568.5242919921875,2012.0,2017.0,2003.0,2004.0,18200
2012-02-16,1559.1695556640625,2000.0,2015.0,1991.0,2010.0,9000
2012-02-17,1567.744873046875,2011.0,2015.0,1999.0,2013.0,4300
2012-02-20,1575.5408935546875,2021.0,2034.0,2016.0,2016.0,4400
2012-02-21,1569.3038330078125,2013.0,2021.0,2013.0,2020.0,7300
2012-02-22,1573.201904296875,2018.0,2027.0,1999.0,2026.0,62000
2012-02-23,1559.1695556640625,2000.0,2009.0,1999.0,2003.0,56300
2012-02-24,1559.1695556640625,2000.0,2002.0,1995.0,2000.0,8200
2012-02-27,1563.0672607421875,2005.0,2011.0,2000.0,2011.0,63800
2012-02-28,1554.4920654296875,1994.0,2012.0,1994.0,2010.0,45800
2012-02-29,1562.2879638671875,2004.0,2020.0,2001.0,2002.0,13400
2012-03-01,1573.981689453125,2019.0,2019.0,1997.0,2014.0,15300
2012-03-02,1569.3038330078125,2013.0,2020.0,2006.0,2020.0,5400
2012-03-05,1566.965576171875,2010.0,2022.0,2005.0,2020.0,12800
2012-03-06,1558.3900146484375,1999.0,2009.0,1990.0,2009.0,21400
2012-03-07,1559.1695556640625,2000.0,2004.0,1993.0,1999.0,20800
2012-03-08,1556.0509033203125,1996.0,2007.0,1992.0,2005.0,10900
2012-03-09,1555.271484375,1995.0,2015.0,1995.0,2001.0,22600
2012-03-12,1557.6102294921875,1998.0,2014.0,1996.0,1998.0,9800
2012-03-13,1545.13720703125,1982.0,2011.0,1982.0,2010.0,13100
2012-03-14,1555.271484375,1995.0,2005.0,1989.0,1997.0,11100
2012-03-15,1558.3900146484375,1999.0,2008.0,1992.0,2006.0,8000
2012-03-16,1572.4224853515625,2017.0,2020.0,2004.0,2007.0,10300
2012-03-19,1568.5242919921875,2012.0,2037.0,2012.0,2023.0,21300
2012-03-21,1559.1695556640625,2000.0,2032.0,2000.0,2021.0,22900
2012-03-22,1569.3038330078125,2013.0,2030.0,2010.0,2017.0,16400
2012-03-23,1578.6590576171875,2025.0,2030.0,2015.0,2018.0,21000
2012-03-26,1573.981689453125,2019.0,2035.0,2016.0,2026.0,26900
2012-03-27,1574.76123046875,2020.0,2029.0,2008.0,2020.0,77700
2012-03-28,1583.3792724609375,2021.0,2035.0,2013.0,2015.0,46800
2012-03-29,1585.7298583984375,2024.0,2031.0,2003.0,2021.0,28500
2012-03-30,1573.1939697265625,2008.0,2027.0,2008.0,2025.0,34300
2012-04-02,1579.462158203125,2016.0,2025.0,2001.0,2008.0,30100
2012-04-03,1577.8951416015625,2014.0,2025.0,2014.0,2020.0,29900
2012-04-04,1563.7926025390625,1996.0,2031.0,1977.0,2028.0,32600
2012-04-05,1548.1236572265625,1976.0,1995.0,1968.0,1984.0,9300
2012-04-06,1519.9188232421875,1940.0,1969.0,1935.0,1963.0,8800
2012-04-09,1508.9503173828125,1926.0,1945.0,1926.0,1940.0,4700
2012-04-10,1489.3638916015625,1901.0,1927.0,1901.0,1927.0,6300
2012-04-11,1487.7967529296875,1899.0,1913.0,1868.0,1890.0,5700
2012-04-12,1489.3638916015625,1901.0,1945.0,1886.0,1917.0,10600
2012-04-13,1487.01318359375,1898.0,1940.0,1890.0,1900.0,10800
2012-04-16,1483.87939453125,1894.0,1922.0,1894.0,1898.0,7700
2012-04-17,1472.1275634765625,1879.0,1893.0,1870.0,1893.0,2900
2012-04-18,1582.595703125,2020.0,2050.0,1990.0,2039.0,34600
2012-04-19,1577.8951416015625,2014.0,2020.0,1998.0,2020.0,20200
2012-04-20,1575.5445556640625,2011.0,2019.0,1998.0,2002.0,4500
2012-04-23,1577.1114501953125,2013.0,2022.0,2007.0,2007.0,8900
2012-04-24,1576.3280029296875,2012.0,2020.0,2006.0,2011.0,13400
2012-04-25,1582.595703125,2020.0,2023.0,2012.0,2018.0,17900
2012-04-26,1584.1627197265625,2022.0,2027.0,2016.0,2025.0,9000
2012-04-27,1571.627197265625,2006.0,2030.0,1995.0,2030.0,12000
2012-05-01,1573.9775390625,2009.0,2018.0,1999.0,2006.0,6600
2012-05-02,1582.595703125,2020.0,2020.0,2000.0,2005.0,9600
2012-05-07,1551.2572021484375,1980.0,1998.0,1976.0,1991.0,11500
2012-05-08,1558.308349609375,1989.0,2010.0,1972.0,2009.0,6200
2012-05-09,1516.784912109375,1936.0,1970.0,1936.0,1970.0,7300
2012-05-10,1510.51708984375,1928.0,1934.0,1918.0,1924.0,7300
2012-05-11,1493.2811279296875,1906.0,1925.0,1902.0,1922.0,11000
2012-05-14,1450.97412109375,1852.0,1906.0,1851.0,1901.0,8400
2012-05-15,1371.84423828125,1751.0,1854.0,1750.0,1852.0,15000
2012-05-16,1376.5450439453125,1757.0,1763.0,1750.0,1754.0,6500
2012-05-17,1385.946533203125,1769.0,1786.0,1742.0,1756.0,5600
2012-05-18,1340.5057373046875,1711.0,1777.0,1703.0,1777.0,14700
2012-05-21,1347.5572509765625,1720.0,1749.0,1711.0,1722.0,11200
2012-05-22,1350.69091796875,1724.0,1779.0,1724.0,1742.0,6200
2012-05-23,1334.2381591796875,1703.0,1724.0,1698.0,1720.0,12800
2012-05-24,1346.7734375,1719.0,1746.0,1703.0,1706.0,4300
2012-05-25,1340.5057373046875,1711.0,1730.0,1709.0,1719.0,8300
2012-05-28,1335.8046875,1705.0,1721.0,1705.0,1721.0,4600
2012-05-29,1367.143310546875,1745.0,1763.0,1706.0,1706.0,8100
2012-05-30,1347.5572509765625,1720.0,1734.0,1706.0,1734.0,8600
2012-05-31,1337.371826171875,1707.0,1720.0,1701.0,1704.0,8200
2012-06-01,1323.2696533203125,1689.0,1719.0,1675.0,1702.0,7000
2012-06-04,1308.383544921875,1670.0,1715.0,1660.0,1678.0,13800
2012-06-05,1329.537353515625,1697.0,1710.0,1652.0,1669.0,6200
2012-06-06,1404.7498779296875,1793.0,1793.0,1708.0,1708.0,22400
2012-06-07,1475.261474609375,1883.0,1883.0,1793.0,1793.0,8700
2012-06-08,1472.9110107421875,1880.0,1884.0,1830.0,1884.0,23400
2012-06-11,1491.7142333984375,1904.0,1929.0,1881.0,1891.0,9100
2012-06-12,1541.0721435546875,1967.0,1967.0,1894.0,1903.0,14500
2012-06-13,1537.1552734375,1962.0,1988.0,1955.0,1956.0,5900
2012-06-14,1514.4346923828125,1933.0,1960.0,1923.0,1960.0,3600
2012-06-15,1539.505126953125,1965.0,1975.0,1945.0,1973.0,6300
2012-06-18,1535.5880126953125,1960.0,1978.0,1954.0,1971.0,7400
2012-06-19,1518.3516845703125,1938.0,1962.0,1938.0,1952.0,7300
2012-06-20,1547.3402099609375,1975.0,1981.0,1956.0,1975.0,4600
2012-06-21,1558.308349609375,1989.0,1999.0,1973.0,1986.0,6800
2012-06-22,1541.85546875,1968.0,1985.0,1950.0,1985.0,2200
2012-06-25,1529.3203125,1952.0,1999.0,1952.0,1999.0,4300
2012-06-26,1551.2572021484375,1980.0,1980.0,1920.0,1952.0,7800
2012-06-27,1551.2572021484375,1980.0,1980.0,1940.0,1980.0,5000
2012-06-28,1547.3402099609375,1975.0,1981.0,1965.0,1981.0,6000
2012-06-29,1530.8873291015625,1954.0,1990.0,1933.0,1935.0,7300
2012-07-02,1502.6827392578125,1918.0,1954.0,1918.0,1954.0,5300
2012-07-03,1516.0010986328125,1935.0,1969.0,1915.0,1938.0,8400
2012-07-04,1536.37158203125,1961.0,1976.0,1937.0,1937.0,5500
2012-07-05,1512.083984375,1930.0,1976.0,1929.0,1976.0,2100
2012-07-06,1518.3516845703125,1938.0,1965.0,1937.0,1960.0,4000
2012-07-09,1527.7532958984375,1950.0,1950.0,1938.0,1940.0,9300
2012-07-10,1504.2496337890625,1920.0,1959.0,1920.0,1938.0,4400
2012-07-11,1498.765380859375,1913.0,1920.0,1878.0,1915.0,5400
2012-07-12,1471.343994140625,1878.0,1878.0,1866.0,1878.0,2100
2012-07-13,1444.70654296875,1844.0,1888.0,1844.0,1853.0,6200
2012-07-17,1443.9228515625,1843.0,1845.0,1830.0,1845.0,2500
2012-07-18,1424.336181640625,1818.0,1826.0,1804.0,1817.0,2900
2012-07-19,1422.7694091796875,1816.0,1828.0,1804.0,1805.0,9500
2012-07-20,1387.513427734375,1771.0,1820.0,1771.0,1820.0,5600
2012-07-23,1400.832275390625,1788.0,1797.0,1730.0,1771.0,5700
2012-07-24,1342.072509765625,1713.0,1770.0,1710.0,1770.0,5400
2012-07-25,1322.486083984375,1688.0,1714.0,1681.0,1713.0,8500
2012-07-26,1317.001953125,1681.0,1711.0,1660.0,1682.0,7500
2012-07-27,1356.9583740234375,1732.0,1750.0,1711.0,1711.0,3000
2012-07-30,1363.2261962890625,1740.0,1740.0,1716.0,1720.0,2400
2012-07-31,1360.8758544921875,1737.0,1758.0,1737.0,1739.0,1900
2012-08-01,1364.7928466796875,1742.0,1744.0,1740.0,1740.0,4800
2012-08-02,1415.718017578125,1807.0,1807.0,1747.0,1747.0,1000
2012-08-03,1372.62744140625,1752.0,1767.0,1747.0,1767.0,9200
2012-08-06,1336.58837890625,1706.0,1729.0,1701.0,1712.0,3600
2012-08-07,1327.9700927734375,1695.0,1725.0,1695.0,1700.0,3900
2012-08-08,1342.8564453125,1714.0,1732.0,1695.0,1695.0,4400
2012-08-09,1336.58837890625,1706.0,1733.0,1705.0,1705.0,2000
2012-08-10,1355.3917236328125,1730.0,1730.0,1705.0,1730.0,2700
2012-08-13,1353.0408935546875,1727.0,1732.0,1711.0,1711.0,2600
2012-08-14,1371.84423828125,1751.0,1751.0,1734.0,1734.0,5800
2012-08-15,1370.27734375,1749.0,1755.0,1731.0,1743.0,1100
2012-08-16,1411.800537109375,1802.0,1843.0,1770.0,1770.0,4300
2012-08-17,1440.005615234375,1838.0,1843.0,1833.0,1843.0,2500
2012-08-20,1425.9033203125,1820.0,1839.0,1820.0,1839.0,1500
2012-08-21,1441.572265625,1840.0,1849.0,1823.0,1830.0,3800
2012-08-22,1441.572265625,1840.0,1840.0,1800.0,1840.0,3700
2012-08-23,1447.8402099609375,1848.0,1848.0,1835.0,1839.0,2800
2012-08-24,1444.70654296875,1844.0,1849.0,1837.0,1849.0,1800
2012-08-27,1443.13916015625,1842.0,1858.0,1840.0,1858.0,2100
2012-08-28,1419.635498046875,1812.0,1851.0,1777.0,1843.0,6900
2012-08-29,1432.954345703125,1829.0,1829.0,1823.0,1823.0,1900
2012-08-30,1430.60400390625,1826.0,1826.0,1821.0,1825.0,1100
2012-08-31,1413.367919921875,1804.0,1818.0,1804.0,1818.0,2300
2012-09-03,1402.3994140625,1790.0,1826.0,1750.0,1792.0,9100
2012-09-04,1382.029296875,1764.0,1801.0,1764.0,1801.0,4500
2012-09-05,1360.8758544921875,1737.0,1760.0,1731.0,1760.0,3800
2012-09-06,1343.6396484375,1715.0,1737.0,1713.0,1737.0,2400
2012-09-07,1350.69091796875,1724.0,1740.0,1716.0,1716.0,5800
2012-09-10,1340.5057373046875,1711.0,1725.0,1704.0,1724.0,2000
2012-09-11,1335.0211181640625,1704.0,1712.0,1700.0,1700.0,3600
2012-09-12,1359.3089599609375,1735.0,1739.0,1714.0,1715.0,1900
2012-09-13,1356.1749267578125,1731.0,1745.0,1721.0,1735.0,1900
2012-09-14,1402.3994140625,1790.0,1800.0,1759.0,1771.0,10600
2012-09-18,1417.28515625,1809.0,1809.0,1747.0,1785.0,4900
2012-09-19,1447.0567626953125,1847.0,1850.0,1814.0,1830.0,3200
2012-09-20,1402.3994140625,1790.0,1846.0,1789.0,1846.0,6400
2012-09-21,1411.800537109375,1802.0,1826.0,1790.0,1792.0,3300
2012-09-24,1432.171142578125,1828.0,1830.0,1767.0,1830.0,3700
2012-09-25,1434.5211181640625,1831.0,1833.0,1794.0,1794.0,4200
2012-09-26,1465.2437744140625,1860.0,1861.0,1815.0,1828.0,7100
2012-09-27,1457.366455078125,1850.0,1890.0,1820.0,1820.0,5500
2012-09-28,1487.3017578125,1888.0,1889.0,1851.0,1878.0,2900
2012-10-01,1484.938232421875,1885.0,1886.0,1845.0,1886.0,2400
2012-10-02,1464.45654296875,1859.0,1885.0,1857.0,1885.0,2400
2012-10-03,1379.377685546875,1751.0,1851.0,1751.0,1851.0,10800
2012-10-04,1365.1981201171875,1733.0,1830.0,1733.0,1752.0,6900
2012-10-05,1362.834716796875,1730.0,1743.0,1730.0,1741.0,7600
2012-10-09,1348.65478515625,1712.0,1734.0,1712.0,1733.0,2800
2012-10-10,1331.3240966796875,1690.0,1720.0,1683.0,1701.0,5700
2012-10-11,1315.56884765625,1670.0,1688.0,1670.0,1684.0,6600
2012-10-12,1316.3565673828125,1671.0,1709.0,1670.0,1694.0,4600
2012-10-15,1308.478515625,1661.0,1675.0,1653.0,1670.0,8500
2012-10-16,1305.3275146484375,1657.0,1666.0,1653.0,1658.0,6900
2012-10-17,1295.87451171875,1645.0,1686.0,1645.0,1678.0,12300
2012-10-18,1311.6297607421875,1665.0,1692.0,1655.0,1655.0,6900
2012-10-19,1338.4139404296875,1699.0,1704.0,1680.0,1680.0,6500
2012-10-22,1359.683349609375,1726.0,1729.0,1689.0,1699.0,5300
2012-10-23,1358.8961181640625,1725.0,1725.0,1706.0,1713.0,3400
2012-10-24,1353.38134765625,1718.0,1722.0,1704.0,1704.0,2900
2012-10-25,1358.8961181640625,1725.0,1725.0,1707.0,1718.0,5800
2012-10-26,1358.8961181640625,1725.0,1725.0,1707.0,1723.0,8400
2012-10-29,1321.0831298828125,1677.0,1702.0,1675.0,1700.0,10700
2012-10-30,1317.93212890625,1673.0,1696.0,1673.0,1678.0,8200
2012-10-31,1313.9930419921875,1668.0,1679.0,1656.0,1656.0,2900
2012-11-01,1312.4173583984375,1666.0,1684.0,1655.0,1663.0,6300
2012-11-02,1338.4139404296875,1699.0,1737.0,1659.0,1659.0,8500
2012-11-05,1332.111572265625,1691.0,1696.0,1685.0,1696.0,1900
2012-11-06,1324.234375,1681.0,1695.0,1681.0,1691.0,2000
2012-11-07,1313.205322265625,1667.0,1682.0,1661.0,1682.0,3400
2012-11-08,1323.446533203125,1680.0,1708.0,1668.0,1668.0,1500
2012-11-09,1302.1767578125,1653.0,1664.0,1653.0,1662.0,4000
2012-11-12,1294.2989501953125,1643.0,1654.0,1643.0,1654.0,7800
2012-11-13,1292.723388671875,1641.0,1650.0,1638.0,1644.0,4700
2012-11-14,1290.3599853515625,1638.0,1650.0,1636.0,1640.0,5300
2012-11-15,1306.9033203125,1659.0,1660.0,1640.0,1640.0,7400
2012-11-16,1335.2625732421875,1695.0,1700.0,1659.0,1660.0,4200
2012-11-19,1354.1693115234375,1719.0,1719.0,1692.0,1692.0,4400
2012-11-20,1358.8961181640625,1725.0,1729.0,1716.0,1720.0,7700
2012-11-21,1343.9281005859375,1706.0,1738.0,1691.0,1733.0,6300
2012-11-22,1368.348876953125,1737.0,1738.0,1700.0,1734.0,3300
2012-11-26,1362.834716796875,1730.0,1757.0,1730.0,1737.0,10200
2012-11-27,1382.5286865234375,1755.0,1755.0,1720.0,1722.0,6900
2012-11-28,1377.80224609375,1749.0,1760.0,1749.0,1749.0,8900
2012-11-29,1378.5897216796875,1750.0,1763.0,1749.0,1749.0,4500
2012-11-30,1368.348876953125,1737.0,1760.0,1731.0,1743.0,3100
2012-12-03,1352.5933837890625,1717.0,1738.0,1715.0,1738.0,2000
2012-12-04,1369.1368408203125,1738.0,1740.0,1716.0,1717.0,4000
2012-12-05,1377.014404296875,1748.0,1748.0,1706.0,1725.0,4600
2012-12-06,1385.68017578125,1759.0,1759.0,1745.0,1750.0,5500
2012-12-07,1384.892333984375,1758.0,1770.0,1754.0,1759.0,5500
2012-12-10,1417.190673828125,1799.0,1799.0,1765.0,1777.0,6500
2012-12-11,1425.0682373046875,1809.0,1812.0,1799.0,1799.0,5700
2012-12-12,1430.5823974609375,1816.0,1827.0,1812.0,1820.0,5500
2012-12-13,1432.1580810546875,1818.0,1830.0,1818.0,1828.0,6100
2012-12-14,1410.88818359375,1791.0,1835.0,1789.0,1810.0,22200
2012-12-17,1433.733642578125,1820.0,1820.0,1792.0,1792.0,2600
2012-12-18,1417.978271484375,1800.0,1828.0,1800.0,1820.0,2400
2012-12-19,1435.3089599609375,1822.0,1847.0,1814.0,1826.0,7300
2012-12-20,1475.4852294921875,1873.0,1876.0,1823.0,1835.0,8700
2012-12-21,1457.366455078125,1850.0,1880.0,1833.0,1873.0,7400
2012-12-25,1458.942138671875,1852.0,1891.0,1850.0,1889.0,8600
2012-12-26,1495.1793212890625,1898.0,1919.0,1877.0,1877.0,5800
2012-12-27,1500.6937255859375,1905.0,1923.0,1902.0,1923.0,6000
2012-12-28,1514.085693359375,1922.0,1929.0,1909.0,1924.0,4400
2013-01-04,1557.4127197265625,1977.0,1997.0,1945.0,1995.0,10900
2013-01-07,1554.26171875,1973.0,1992.0,1945.0,1991.0,4900
2013-01-08,1510.1468505859375,1917.0,1968.0,1915.0,1968.0,5900
2013-01-09,1511.7220458984375,1919.0,1924.0,1917.0,1917.0,3800
2013-01-10,1508.5709228515625,1915.0,1919.0,1848.0,1919.0,3500
2013-01-11,1513.2977294921875,1921.0,1926.0,1902.0,1918.0,7200
2013-01-15,1513.2977294921875,1921.0,1926.0,1916.0,1926.0,3900
2013-01-16,1514.085693359375,1922.0,1927.0,1911.0,1921.0,6100
2013-01-17,1514.085693359375,1922.0,1927.0,1913.0,1922.0,9700
2013-01-18,1553.4737548828125,1972.0,1986.0,1930.0,1930.0,7700
2013-01-21,1558.98828125,1979.0,1992.0,1974.0,1974.0,5100
2013-01-22,1540.86962890625,1956.0,1979.0,1951.0,1979.0,3500
2013-01-23,1539.2940673828125,1954.0,1957.0,1940.0,1941.0,2600
2013-01-24,1570.804931640625,1994.0,1996.0,1930.0,1932.0,6000
2013-01-25,1597.5888671875,2028.0,2039.0,2004.0,2004.0,21400
2013-01-28,1577.1068115234375,2002.0,2047.0,1998.0,2038.0,7100
2013-01-29,1575.53125,2000.0,2003.0,1998.0,1998.0,3300
2013-01-30,1570.01708984375,1993.0,2005.0,1990.0,2000.0,19900
2013-01-31,1571.5924072265625,1995.0,2009.0,1994.0,2009.0,8500
2013-02-01,1577.1068115234375,2002.0,2007.0,1995.0,1995.0,16700
2013-02-04,1584.9842529296875,2012.0,2025.0,2008.0,2025.0,12400
2013-02-05,1577.8946533203125,2003.0,2020.0,2003.0,2004.0,5500
2013-02-06,1563.714599609375,1985.0,2004.0,1953.0,2003.0,15400
2013-02-07,1556.625,1976.0,2019.0,1971.0,1971.0,11400
2013-02-08,1544.80859375,1961.0,2004.0,1957.0,1976.0,11600
2013-02-12,1556.625,1976.0,2000.0,1957.0,1967.0,13800
2013-02-13,1529.0528564453125,1941.0,1983.0,1936.0,1960.0,9300
2013-02-14,1514.085693359375,1922.0,1985.0,1911.0,1950.0,9700
2013-02-15,1527.4775390625,1939.0,1949.0,1911.0,1930.0,24400
2013-02-18,1547.171875,1964.0,1977.0,1943.0,1961.0,14300
2013-02-19,1553.4737548828125,1972.0,1980.0,1964.0,1970.0,12100
2013-02-20,1572.3800048828125,1996.0,2009.0,1981.0,1984.0,17100
2013-02-21,1562.92724609375,1984.0,2013.0,1980.0,1996.0,58700
2013-02-22,1544.0206298828125,1960.0,1991.0,1955.0,1972.0,14000
2013-02-25,1566.86572265625,1989.0,1994.0,1981.0,1990.0,12300
2013-02-26,1570.804931640625,1994.0,2000.0,1987.0,1994.0,13700
2013-02-27,1547.171875,1964.0,2004.0,1963.0,2004.0,13000
2013-02-28,1575.53125,2000.0,2002.0,1975.0,1989.0,35700
2013-03-01,1573.1680908203125,1997.0,2002.0,1990.0,2000.0,20200
2013-03-04,1570.01708984375,1993.0,2004.0,1993.0,2000.0,23500
2013-03-05,1570.01708984375,1993.0,2002.0,1990.0,2000.0,22200
2013-03-06,1573.1680908203125,1997.0,2007.0,1993.0,2007.0,15100
2013-03-07,1573.1680908203125,1997.0,2007.0,1996.0,2000.0,30600
2013-03-08,1566.86572265625,1989.0,2004.0,1980.0,1986.0,48400
2013-03-11,1587.3480224609375,2015.0,2019.0,1990.0,2003.0,53900
2013-03-12,1665.33642578125,2114.0,2153.0,2020.0,2048.0,81200
2013-03-13,1718.1168212890625,2181.0,2196.0,2140.0,2164.0,31700
2013-03-14,1750.415283203125,2222.0,2227.0,2174.0,2200.0,24300
2013-03-15,1775.623779296875,2254.0,2291.0,2212.0,2220.0,49200
2013-03-18,1836.2821044921875,2331.0,2345.0,2258.0,2260.0,30900
2013-03-19,1887.486572265625,2396.0,2409.0,2349.0,2350.0,21900
2013-03-21,1983.5941162109375,2518.0,2550.0,2400.0,2500.0,37700
2013-03-22,1912.6951904296875,2428.0,2518.0,2420.0,2518.0,33900
2013-03-25,1863.066162109375,2365.0,2431.0,2326.0,2429.0,70600
2013-03-26,1888.274169921875,2397.0,2412.0,2345.0,2400.0,166900
2013-03-27,1876.3583984375,2362.0,2367.0,2313.0,2350.0,33100
2013-03-28,1898.601806640625,2390.0,2414.0,2375.0,2381.0,24600
2013-03-29,1900.18994140625,2392.0,2408.0,2389.0,2390.0,30200
2013-04-01,1844.5830078125,2322.0,2400.0,2316.0,2400.0,27600
2013-04-02,1894.6295166015625,2385.0,2405.0,2241.0,2372.0,58000
2013-04-03,1904.162109375,2397.0,2407.0,2385.0,2385.0,35400
2013-04-04,1911.311279296875,2406.0,2415.0,2381.0,2410.0,53900
2013-04-05,1921.638427734375,2419.0,2439.0,2368.0,2419.0,58600
2013-04-08,1978.041015625,2490.0,2499.0,2435.0,2435.0,57600
2013-04-09,1987.57373046875,2502.0,2520.0,2489.0,2500.0,48400
2013-04-10,1982.807373046875,2496.0,2526.0,2480.0,2502.0,13700
2013-04-11,2028.0875244140625,2553.0,2554.0,2511.0,2529.0,20100
2013-04-12,1985.18994140625,2499.0,2560.0,2481.0,2560.0,15800
2013-04-15,1963.7412109375,2472.0,2550.0,2470.0,2549.0,25400
2013-04-16,1910.517333984375,2405.0,2429.0,2398.0,2429.0,25100
2013-04-17,1941.49853515625,2444.0,2472.0,2435.0,2446.0,23100
2013-04-18,1920.049560546875,2417.0,2444.0,2403.0,2444.0,9800
2013-04-19,1935.937744140625,2437.0,2455.0,2421.0,2430.0,29300
2013-04-22,1985.985107421875,2500.0,2509.0,2478.0,2485.0,15200
2013-04-23,1932.7608642578125,2433.0,2500.0,2426.0,2500.0,11000
2013-04-24,1993.9288330078125,2510.0,2511.0,2465.0,2483.0,36600
2013-04-25,2017.7603759765625,2540.0,2545.0,2511.0,2511.0,12800
2013-04-26,1961.3590087890625,2469.0,2539.0,2466.0,2538.0,17300
2013-04-30,1916.0782470703125,2412.0,2475.0,2412.0,2439.0,12000
2013-05-01,1911.311279296875,2406.0,2426.0,2381.0,2400.0,13000
2013-05-02,1940.7041015625,2443.0,2456.0,2420.0,2456.0,16600
2013-05-07,1936.7325439453125,2438.0,2544.0,2427.0,2524.0,19400
2013-05-08,1945.470947265625,2449.0,2541.0,2449.0,2488.0,45900
2013-05-09,1985.985107421875,2500.0,2509.0,2472.0,2491.0,36200
2013-05-10,1974.06884765625,2485.0,2527.0,2460.0,2515.0,31200
2013-05-13,1967.71337890625,2477.0,2535.0,2462.0,2535.0,63900
2013-05-14,1922.43359375,2420.0,2446.0,2401.0,2427.0,71800
2013-05-15,1982.0128173828125,2495.0,2510.0,2440.0,2453.0,73100
2013-05-16,1996.3125,2513.0,2524.0,2437.0,2500.0,65000
2013-05-17,1970.0975341796875,2480.0,2574.0,2450.0,2513.0,93900
2013-05-20,1979.6295166015625,2492.0,2517.0,2479.0,2500.0,26900
2013-05-21,1950.2373046875,2455.0,2492.0,2451.0,2492.0,26700
2013-05-22,1950.2373046875,2455.0,2470.0,2420.0,2464.0,22600
2013-05-23,1839.8160400390625,2316.0,2466.0,2316.0,2444.0,27500
2013-05-24,1909.722900390625,2404.0,2452.0,2270.0,2310.0,53500
2013-05-27,1857.292724609375,2338.0,2384.0,2297.0,2355.0,23400
2013-05-28,1921.638427734375,2419.0,2422.0,2319.0,2329.0,25500
2013-05-29,1977.2462158203125,2489.0,2515.0,2420.0,2442.0,49200
2013-05-30,1985.985107421875,2500.0,2514.0,2441.0,2450.0,61800
2013-05-31,2003.4609375,2522.0,2538.0,2493.0,2501.0,72000
2013-06-03,1911.311279296875,2406.0,2497.0,2394.0,2494.0,36800
2013-06-04,1911.311279296875,2406.0,2435.0,2350.0,2380.0,36300
2013-06-05,1905.7510986328125,2399.0,2470.0,2365.0,2365.0,20000
2013-06-06,1889.0684814453125,2378.0,2457.0,2359.0,2360.0,33900
2013-06-07,1737.339599609375,2187.0,2313.0,2187.0,2261.0,71300
2013-06-10,1797.7138671875,2263.0,2263.0,2190.0,2190.0,18400
2013-06-11,1782.6199951171875,2244.0,2278.0,2222.0,2278.0,25700
2013-06-12,1770.703857421875,2229.0,2235.0,2192.0,2201.0,12800
2013-06-13,1699.2086181640625,2139.0,2181.0,2128.0,2181.0,20400
2013-06-14,1669.021484375,2101.0,2203.0,2100.0,2100.0,65900
2013-06-17,1840.6104736328125,2317.0,2323.0,2109.0,2109.0,20200
2013-06-18,1868.414306640625,2352.0,2367.0,2302.0,2363.0,24500
2013-06-19,1849.3492431640625,2328.0,2375.0,2292.0,2354.0,26600
2013-06-20,1842.994140625,2320.0,2356.0,2316.0,2356.0,14300
2013-06-21,1839.8160400390625,2316.0,2320.0,2225.0,2281.0,13500
2013-06-24,1823.928466796875,2296.0,2345.0,2294.0,2345.0,2900
2013-06-25,1808.040771484375,2276.0,2303.0,2234.0,2296.0,19400
2013-06-26,1784.2083740234375,2246.0,2334.0,2240.0,2334.0,12000
2013-06-27,1831.0777587890625,2305.0,2314.0,2212.0,2260.0,10100
2013-06-28,1907.3394775390625,2401.0,2404.0,2317.0,2335.0,16500
2013-07-01,1909.722900390625,2404.0,2411.0,2287.0,2390.0,8400
2013-07-02,1946.26513671875,2450.0,2450.0,2414.0,2438.0,13100
2013-07-03,1924.8162841796875,2423.0,2442.0,2373.0,2430.0,7300
2013-07-04,1916.8724365234375,2413.0,2435.0,2393.0,2417.0,6300
2013-07-05,1933.5548095703125,2434.0,2440.0,2404.0,2440.0,8300
2013-07-08,1938.3209228515625,2440.0,2476.0,2438.0,2445.0,8800
2013-07-09,1963.7412109375,2472.0,2480.0,2433.0,2440.0,14600
2013-07-10,1944.6763916015625,2448.0,2470.0,2417.0,2470.0,6700
2013-07-11,1918.4613037109375,2415.0,2466.0,2392.0,2466.0,6000
2013-07-12,1951.826171875,2457.0,2469.0,2405.0,2408.0,8600
2013-07-16,1928.7886962890625,2428.0,2469.0,2428.0,2434.0,9500
2013-07-17,1953.41455078125,2459.0,2466.0,2420.0,2420.0,5600
2013-07-18,1964.536376953125,2473.0,2476.0,2459.0,2459.0,4100
2013-07-19,1945.470947265625,2449.0,2482.0,2435.0,2481.0,10400
2013-07-22,1946.26513671875,2450.0,2477.0,2440.0,2450.0,13100
2013-07-23,1944.6763916015625,2448.0,2451.0,2430.0,2450.0,5800
2013-07-24,1943.08740234375,2446.0,2469.0,2410.0,2445.0,2000
2013-07-25,1955.7974853515625,2462.0,2480.0,2455.0,2464.0,3700
2013-07-26,1887.4798583984375,2376.0,2469.0,2376.0,2462.0,9200
2013-07-29,1844.5830078125,2322.0,2363.0,2307.0,2352.0,6600
2013-07-30,1854.91015625,2335.0,2392.0,2321.0,2323.0,10300
2013-07-31,1815.1903076171875,2285.0,2336.0,2243.0,2311.0,7300
2013-08-01,1853.3211669921875,2333.0,2334.0,2288.0,2290.0,3200
2013-08-02,1874.76953125,2360.0,2360.0,2260.0,2360.0,6400
2013-08-05,1859.6763916015625,2341.0,2343.0,2300.0,2300.0,5300
2013-08-06,1839.8160400390625,2316.0,2328.0,2302.0,2328.0,1400
2013-08-07,1796.9188232421875,2262.0,2333.0,2260.0,2302.0,5600
2013-08-08,1789.76953125,2253.0,2311.0,2250.0,2251.0,3100
2013-08-09,1782.6199951171875,2244.0,2287.0,2244.0,2258.0,6200
2013-08-12,1756.40478515625,2211.0,2258.0,2210.0,2232.0,1900
2013-08-13,1762.760009765625,2219.0,2228.0,2213.0,2215.0,4000
2013-08-14,1749.25537109375,2202.0,2246.0,2182.0,2246.0,5100
2013-08-15,1742.900390625,2194.0,2220.0,2185.0,2213.0,5100
2013-08-16,1733.3673095703125,2182.0,2202.0,2177.0,2181.0,4300
2013-08-19,1721.4517822265625,2167.0,2190.0,2162.0,2182.0,8800
2013-08-20,1721.4517822265625,2167.0,2202.0,2167.0,2188.0,14800
2013-08-21,1723.8348388671875,2170.0,2224.0,2166.0,2166.0,8500
2013-08-22,1726.2177734375,2173.0,2199.0,2165.0,2199.0,9600
2013-08-23,1741.311279296875,2192.0,2209.0,2177.0,2179.0,4500
2013-08-26,1772.2928466796875,2231.0,2231.0,2210.0,2217.0,5700
2013-08-27,1764.3485107421875,2221.0,2246.0,2193.0,2232.0,9200
2013-08-28,1709.53564453125,2152.0,2195.0,2142.0,2193.0,6800
2013-08-29,1696.0306396484375,2135.0,2152.0,2135.0,2152.0,5200
2013-08-30,1644.39501953125,2070.0,2170.0,2050.0,2120.0,14100
2013-09-02,1649.161865234375,2076.0,2097.0,2071.0,2090.0,1500
2013-09-03,1692.8533935546875,2131.0,2148.0,2075.0,2118.0,8100
2013-09-04,1673.7879638671875,2107.0,2140.0,2088.0,2088.0,5200
2013-09-05,1679.3486328125,2114.0,2125.0,2097.0,2120.0,4100
2013-09-06,1696.8255615234375,2136.0,2152.0,2110.0,2110.0,8000
2013-09-09,1727.8065185546875,2175.0,2183.0,2138.0,2183.0,5000
2013-09-10,1734.1617431640625,2183.0,2200.0,2160.0,2175.0,7300
2013-09-11,1757.99365234375,2213.0,2225.0,2188.0,2188.0,5300
2013-09-12,1774.676025390625,2234.0,2234.0,2210.0,2213.0,5900
2013-09-13,1799.30224609375,2265.0,2268.0,2223.0,2223.0,22200
2013-09-17,1825.517578125,2298.0,2308.0,2286.0,2289.0,6200
2013-09-18,1828.6944580078125,2302.0,2309.0,2289.0,2297.0,5500
2013-09-19,1854.114990234375,2334.0,2334.0,2280.0,2302.0,6400
2013-09-20,1900.9847412109375,2393.0,2394.0,2335.0,2335.0,8400
2013-09-24,1892.2459716796875,2382.0,2395.0,2350.0,2393.0,7400
2013-09-25,1906.5452880859375,2400.0,2400.0,2375.0,2397.0,7700
2013-09-26,1924.1322021484375,2407.0,2407.0,2360.0,2390.0,7400
2013-09-27,1916.137939453125,2397.0,2428.0,2383.0,2408.0,3300
2013-09-30,1856.9833984375,2323.0,2397.0,2300.0,2397.0,7400
2013-10-01,1825.0074462890625,2283.0,2331.0,2251.0,2311.0,4500
2013-10-02,1824.208251953125,2282.0,2304.0,2259.0,2300.0,5800
2013-10-03,1799.4268798828125,2251.0,2298.0,2251.0,2282.0,7600
2013-10-04,1789.0350341796875,2238.0,2263.0,2210.0,2230.0,5700
2013-10-07,1781.041259765625,2228.0,2230.0,2208.0,2208.0,6300
2013-10-08,1747.4664306640625,2186.0,2229.0,2168.0,2225.0,6100
2013-10-09,1757.0595703125,2198.0,2207.0,2172.0,2172.0,5000
2013-10-10,1774.6461181640625,2220.0,2250.0,2191.0,2200.0,5300
2013-10-11,1798.6280517578125,2250.0,2280.0,2230.0,2230.0,5400
2013-10-15,1802.6251220703125,2255.0,2269.0,2238.0,2264.0,3800
2013-10-16,1821.0106201171875,2278.0,2278.0,2237.0,2255.0,4000
2013-10-17,1833.0018310546875,2293.0,2300.0,2260.0,2280.0,6800
2013-10-18,1827.4056396484375,2286.0,2300.0,2281.0,2299.0,3200
2013-10-21,1827.4056396484375,2286.0,2294.0,2280.0,2286.0,2400
2013-10-22,1860.1807861328125,2327.0,2327.0,2282.0,2295.0,6400
2013-10-23,1813.8160400390625,2269.0,2330.0,2269.0,2327.0,7400
2013-10-24,1821.81005859375,2279.0,2300.0,2258.0,2279.0,3800
2013-10-25,1790.6337890625,2240.0,2281.0,2240.0,2280.0,7300
2013-10-28,1789.0350341796875,2238.0,2260.0,2220.0,2230.0,5400
2013-10-29,1762.6552734375,2205.0,2238.0,2202.0,2238.0,8400
2013-10-30,1767.4512939453125,2211.0,2214.0,2201.0,2201.0,9400
2013-10-31,1812.217529296875,2267.0,2280.0,2201.0,2201.0,11800
2013-11-01,1782.6402587890625,2230.0,2275.0,2230.0,2275.0,12400
2013-11-05,1789.83447265625,2239.0,2269.0,2233.0,2264.0,8300
2013-11-06,1812.217529296875,2267.0,2267.0,2250.0,2261.0,2300
2013-11-07,1778.6429443359375,2225.0,2252.0,2220.0,2232.0,4400
2013-11-08,1755.4605712890625,2196.0,2244.0,2196.0,2210.0,8300
2013-11-11,1737.8743896484375,2174.0,2194.0,2160.0,2189.0,5800
2013-11-12,1790.6337890625,2240.0,2240.0,2171.0,2190.0,6800
2013-11-13,1776.2447509765625,2222.0,2230.0,2190.0,2190.0,30600
2013-11-14,1787.436279296875,2236.0,2252.0,2192.0,2222.0,9600
2013-11-15,1826.6065673828125,2285.0,2286.0,2200.0,2216.0,35200
2013-11-18,1828.2052001953125,2287.0,2292.0,2274.0,2290.0,5800
2013-11-19,1814.615478515625,2270.0,2298.0,2260.0,2298.0,7900
2013-11-20,1810.618896484375,2265.0,2271.0,2257.0,2271.0,10000
2013-11-21,1814.615478515625,2270.0,2280.0,2256.0,2270.0,11400
2013-11-22,1806.62158203125,2260.0,2295.0,2260.0,2265.0,8500
2013-11-25,1868.1748046875,2337.0,2355.0,2271.0,2271.0,15600
2013-11-26,1899.350830078125,2376.0,2388.0,2337.0,2337.0,8800
2013-11-27,1901.7489013671875,2379.0,2379.0,2274.0,2376.0,10000
2013-11-28,1900.1507568359375,2377.0,2393.0,2370.0,2379.0,2600
2013-11-29,1901.7489013671875,2379.0,2388.0,2376.0,2380.0,4200
2013-12-02,1932.12548828125,2417.0,2430.0,2350.0,2379.0,23700
2013-12-03,1924.931396484375,2408.0,2428.0,2408.0,2428.0,7100
2013-12-04,1924.1322021484375,2407.0,2428.0,2378.0,2380.0,16300
2013-12-05,1936.1229248046875,2422.0,2430.0,2405.0,2407.0,12900
2013-12-06,1972.09521484375,2467.0,2479.0,2413.0,2413.0,11100
2013-12-09,1984.08642578125,2482.0,2483.0,2467.0,2467.0,9900
2013-12-10,1956.10791015625,2447.0,2483.0,2435.0,2483.0,7600
2013-12-11,1956.10791015625,2447.0,2450.0,2410.0,2427.0,8500
2013-12-12,1938.5211181640625,2425.0,2452.0,2406.0,2451.0,5000
2013-12-13,1941.7183837890625,2429.0,2452.0,2424.0,2440.0,37700
2013-12-16,1878.5667724609375,2350.0,2429.0,2331.0,2429.0,11700
2013-12-17,1935.3232421875,2421.0,2469.0,2401.0,2415.0,23600
2013-12-18,1916.9373779296875,2398.0,2420.0,2371.0,2420.0,20300
2013-12-19,1932.12548828125,2417.0,2437.0,2395.0,2437.0,16200
2013-12-20,1960.903564453125,2453.0,2467.0,2400.0,2415.0,14200
2013-12-24,1920.134765625,2402.0,2453.0,2386.0,2428.0,31300
2013-12-25,1910.542724609375,2390.0,2400.0,2368.0,2400.0,23400
2013-12-26,1918.5361328125,2400.0,2438.0,2371.0,2383.0,33300
2013-12-27,1951.311279296875,2441.0,2443.0,2391.0,2400.0,19800
2013-12-30,2032.049560546875,2542.0,2543.0,2450.0,2477.0,21300
2014-01-06,2032.049560546875,2542.0,2571.0,2506.0,2506.0,10500
2014-01-07,2013.6639404296875,2519.0,2539.0,2518.0,2522.0,5000
2014-01-08,2029.6513671875,2539.0,2540.0,2520.0,2535.0,9200
2014-01-09,2036.845703125,2548.0,2548.0,2525.0,2539.0,5300
2014-01-10,2026.4537353515625,2535.0,2544.0,2484.0,2513.0,14900
2014-01-14,1972.894775390625,2468.0,2530.0,2460.0,2530.0,9500
2014-01-15,1983.2872314453125,2481.0,2500.0,2465.0,2500.0,9000
2014-01-16,1942.5181884765625,2430.0,2499.0,2430.0,2470.0,6700
2014-01-17,1978.49072265625,2475.0,2488.0,2446.0,2448.0,6000
2014-01-20,1958.505615234375,2450.0,2506.0,2436.0,2506.0,7400
2014-01-21,1993.678955078125,2494.0,2498.0,2450.0,2450.0,4800
2014-01-22,1962.5030517578125,2455.0,2467.0,2446.0,2446.0,7300
2014-01-23,1937.7218017578125,2424.0,2487.0,2422.0,2487.0,7800
2014-01-24,1888.9588623046875,2363.0,2440.0,2358.0,2411.0,20500
2014-01-27,1846.591064453125,2310.0,2413.0,2310.0,2413.0,30900
2014-01-28,1848.9892578125,2313.0,2377.0,2313.0,2315.0,16000
2014-01-29,1871.3726806640625,2341.0,2352.0,2313.0,2320.0,16600
2014-01-30,1789.0350341796875,2238.0,2301.0,2232.0,2301.0,21000
2014-01-31,1833.800537109375,2294.0,2325.0,2211.0,2215.0,35600
2014-02-03,1771.4483642578125,2216.0,2298.0,2215.0,2290.0,27700
2014-02-04,1667.52783203125,2086.0,2191.0,2081.0,2177.0,44700
2014-02-05,1712.2933349609375,2142.0,2213.0,2087.0,2160.0,42800
2014-02-06,1753.862060546875,2194.0,2247.0,2142.0,2161.0,25800
2014-02-07,1869.7733154296875,2339.0,2346.0,2229.0,2244.0,40400
2014-02-10,1849.7884521484375,2314.0,2341.0,2300.0,2341.0,13600
2014-02-12,1852.9862060546875,2318.0,2349.0,2280.0,2301.0,11500
2014-02-13,1847.39111328125,2311.0,2338.0,2230.0,2310.0,28500
2014-02-14,1829.8040771484375,2289.0,2290.0,2242.0,2287.0,25400
2014-02-17,1866.5762939453125,2335.0,2343.0,2264.0,2280.0,15600
2014-02-18,1896.9525146484375,2373.0,2375.0,2282.0,2335.0,14100
2014-02-19,1854.5853271484375,2320.0,2345.0,2314.0,2332.0,10800
2014-02-20,1828.2052001953125,2287.0,2324.0,2280.0,2320.0,16500
2014-02-21,1856.1842041015625,2322.0,2337.0,2283.0,2300.0,20100
2014-02-24,1841.79443359375,2304.0,2329.0,2274.0,2300.0,10300
2014-02-25,1803.423828125,2256.0,2339.0,2251.0,2339.0,23000
2014-02-26,1783.4393310546875,2231.0,2267.0,2224.0,2257.0,13000
2014-02-27,1786.63671875,2235.0,2259.0,2216.0,2221.0,14200
2014-02-28,1789.83447265625,2239.0,2272.0,2202.0,2255.0,12900
2014-03-03,1836.998779296875,2298.0,2298.0,2213.0,2223.0,25900
2014-03-04,1843.394287109375,2306.0,2308.0,2261.0,2288.0,16200
2014-03-05,1836.1988525390625,2297.0,2325.0,2288.0,2306.0,13200
2014-03-06,1857.7825927734375,2324.0,2325.0,2290.0,2297.0,9200
2014-03-07,1862.5791015625,2330.0,2338.0,2311.0,2325.0,11400
2014-03-10,1832.2020263671875,2292.0,2330.0,2288.0,2330.0,14100
2014-03-11,1854.5853271484375,2320.0,2335.0,2307.0,2320.0,12000
2014-03-12,1815.4151611328125,2271.0,2300.0,2265.0,2300.0,16100
2014-03-13,1827.4056396484375,2286.0,2304.0,2266.0,2286.0,9900
2014-03-14,1794.631103515625,2245.0,2283.0,2245.0,2252.0,32500
2014-03-17,1756.260009765625,2197.0,2246.0,2192.0,2245.0,20200
2014-03-18,1813.016845703125,2268.0,2278.0,2231.0,2237.0,16300
2014-03-19,1773.8465576171875,2219.0,2250.0,2218.0,2238.0,13300
2014-03-20,1758.658203125,2200.0,2219.0,2200.0,2216.0,18100
2014-03-24,1822.60986328125,2280.0,2305.0,2251.0,2251.0,58800
2014-03-25,1821.81005859375,2279.0,2314.0,2277.0,2299.0,46900
2014-03-26,1862.5791015625,2330.0,2330.0,2285.0,2298.0,143300
2014-03-27,1837.637451171875,2284.0,2296.0,2257.0,2281.0,49000
2014-03-28,1869.8199462890625,2324.0,2329.0,2244.0,2244.0,31100
2014-03-31,1902.0028076171875,2364.0,2365.0,2324.0,2330.0,25800
2014-04-01,1882.6934814453125,2340.0,2364.0,2320.0,2364.0,12600
2014-04-02,1877.061279296875,2333.0,2380.0,2325.0,2339.0,15700
2014-04-03,1913.26708984375,2378.0,2394.0,2355.0,2377.0,11500
2014-04-04,1907.6343994140625,2371.0,2391.0,2366.0,2376.0,5600
2014-04-07,1864.9925537109375,2318.0,2349.0,2316.0,2349.0,3700
2014-04-08,1834.41943359375,2280.0,2366.0,2276.0,2366.0,13200
2014-04-09,1797.40869140625,2234.0,2275.0,2218.0,2251.0,21600
2014-04-10,1797.40869140625,2234.0,2292.0,2232.0,2253.0,7800
2014-04-11,1794.19091796875,2230.0,2293.0,2210.0,2221.0,13100
2014-04-14,1800.627197265625,2238.0,2287.0,2220.0,2230.0,6700
2014-04-15,1809.4774169921875,2249.0,2278.0,2238.0,2238.0,6900
2014-04-16,1846.48779296875,2295.0,2298.0,2241.0,2288.0,8400
2014-04-17,1846.48779296875,2295.0,2327.0,2281.0,2296.0,5700
2014-04-18,1827.982421875,2272.0,2299.0,2265.0,2299.0,5600
2014-04-21,1858.555908203125,2310.0,2322.0,2289.0,2289.0,5200
2014-04-22,1821.5457763671875,2264.0,2316.0,2257.0,2316.0,4300
2014-04-23,1885.10693359375,2343.0,2344.0,2289.0,2289.0,8200
2014-04-24,1883.498046875,2341.0,2360.0,2324.0,2350.0,5300
2014-04-25,1920.5081787109375,2387.0,2398.0,2346.0,2366.0,8500
2014-04-28,1887.5206298828125,2346.0,2387.0,2307.0,2387.0,6600
2014-04-30,1894.7618408203125,2355.0,2380.0,2334.0,2334.0,10700
2014-05-01,1912.4627685546875,2377.0,2379.0,2320.0,2355.0,10900
2014-05-02,1914.8759765625,2380.0,2384.0,2342.0,2350.0,5700
2014-05-07,1813.5,2254.0,2333.0,2251.0,2333.0,17100
2014-05-08,1852.119384765625,2302.0,2323.0,2262.0,2262.0,5900
2014-05-09,1863.3837890625,2316.0,2316.0,2285.0,2285.0,4200
2014-05-12,1830.3961181640625,2275.0,2327.0,2275.0,2317.0,6500
2014-05-13,1860.9697265625,2313.0,2323.0,2298.0,2311.0,5900
2014-05-14,1846.48779296875,2295.0,2327.0,2277.0,2327.0,6500
2014-05-15,1830.3961181640625,2275.0,2275.0,2252.0,2263.0,7500
2014-05-16,1801.431640625,2239.0,2334.0,2234.0,2275.0,22300
2014-05-19,1844.8785400390625,2293.0,2302.0,2241.0,2241.0,11200
2014-05-20,1854.533447265625,2305.0,2313.0,2276.0,2310.0,7900
2014-05-21,1832.809814453125,2278.0,2294.0,2265.0,2282.0,5700
2014-05-22,1858.555908203125,2310.0,2323.0,2290.0,2301.0,7900
2014-05-23,1882.6934814453125,2340.0,2345.0,2279.0,2320.0,8300
2014-05-26,1912.4627685546875,2377.0,2377.0,2353.0,2370.0,4800
2014-05-27,1910.853271484375,2375.0,2397.0,2366.0,2397.0,5100
2014-05-28,1893.152587890625,2353.0,2397.0,2353.0,2397.0,6100
2014-05-29,1906.0262451171875,2369.0,2380.0,2353.0,2353.0,2500
2014-05-30,1870.6246337890625,2325.0,2369.0,2321.0,2369.0,5600
2014-06-02,1916.4847412109375,2382.0,2385.0,2325.0,2325.0,5200
2014-06-03,1922.1171875,2389.0,2397.0,2372.0,2395.0,3700
2014-06-04,1927.7493896484375,2396.0,2397.0,2339.0,2341.0,5300
2014-06-05,1928.5537109375,2397.0,2397.0,2375.0,2396.0,2600
2014-06-06,1951.8857421875,2426.0,2426.0,2381.0,2397.0,10000
2014-06-09,1940.62255859375,2412.0,2450.0,2385.0,2402.0,7400
2014-06-10,1914.071533203125,2379.0,2400.0,2353.0,2395.0,11400
2014-06-11,1932.5762939453125,2402.0,2414.0,2364.0,2375.0,6700
2014-06-12,1897.175537109375,2358.0,2382.0,2344.0,2377.0,5600
2014-06-13,1910.0482177734375,2374.0,2408.0,2365.0,2408.0,30900
2014-06-16,1901.1983642578125,2363.0,2390.0,2357.0,2374.0,10100
2014-06-17,1910.853271484375,2375.0,2388.0,2366.0,2370.0,10100
2014-06-18,1932.5762939453125,2402.0,2403.0,2375.0,2393.0,5200
2014-06-19,1997.74658203125,2483.0,2484.0,2419.0,2419.0,12200
2014-06-20,2004.987548828125,2492.0,2496.0,2480.0,2495.0,9600
2014-06-23,2010.6195068359375,2499.0,2518.0,2471.0,2496.0,10400
2014-06-24,2039.5843505859375,2535.0,2536.0,2479.0,2515.0,9200
2014-06-25,2017.8612060546875,2508.0,2539.0,2505.0,2535.0,5100
2014-06-26,1995.3328857421875,2480.0,2530.0,2478.0,2530.0,6200
2014-06-27,1976.023681640625,2456.0,2481.0,2429.0,2480.0,6700
2014-06-30,2007.4017333984375,2495.0,2504.0,2456.0,2456.0,3500
2014-07-01,2054.870849609375,2554.0,2570.0,2494.0,2498.0,13500
2014-07-02,2078.20361328125,2583.0,2588.0,2508.0,2508.0,6000
2014-07-03,2061.3076171875,2562.0,2578.0,2553.0,2575.0,2800
2014-07-04,2073.376708984375,2577.0,2590.0,2562.0,2562.0,4000
2014-07-07,2065.330810546875,2567.0,2600.0,2565.0,2581.0,5000
2014-07-08,2066.939453125,2569.0,2575.0,2551.0,2551.0,6900
2014-07-09,2052.457763671875,2551.0,2584.0,2550.0,2565.0,3200
2014-07-10,2027.515625,2520.0,2560.0,2508.0,2551.0,5900
2014-07-11,1991.309814453125,2475.0,2518.0,2460.0,2508.0,5600
2014-07-14,1988.89599609375,2472.0,2526.0,2457.0,2505.0,4500
2014-07-15,1970.390869140625,2449.0,2482.0,2449.0,2458.0,4500
2014-07-16,1967.9775390625,2446.0,2470.0,2444.0,2449.0,3800
2014-07-17,1964.7591552734375,2442.0,2457.0,2440.0,2446.0,1900
2014-07-18,1926.139892578125,2394.0,2436.0,2394.0,2436.0,4100
2014-07-22,1984.06884765625,2466.0,2466.0,2401.0,2444.0,5700
2014-07-23,1948.668212890625,2422.0,2469.0,2416.0,2466.0,6000
2014-07-24,1962.345947265625,2439.0,2456.0,2419.0,2419.0,4300
2014-07-25,1984.8731689453125,2467.0,2488.0,2439.0,2488.0,3000
2014-07-28,1992.9190673828125,2477.0,2488.0,2450.0,2488.0,5600
2014-07-29,2010.6195068359375,2499.0,2517.0,2450.0,2450.0,5900
2014-07-30,2047.6302490234375,2545.0,2546.0,2461.0,2499.0,13900
2014-07-31,2038.7796630859375,2534.0,2560.0,2519.0,2560.0,6500
2014-08-01,2021.07861328125,2512.0,2558.0,2504.0,2534.0,8200
2014-08-04,1996.1375732421875,2481.0,2532.0,2478.0,2500.0,8400
2014-08-05,1967.17333984375,2445.0,2485.0,2433.0,2466.0,11000
2014-08-06,1910.0482177734375,2374.0,2413.0,2372.0,2402.0,10900
2014-08-07,1922.9219970703125,2390.0,2393.0,2356.0,2361.0,5000
2014-08-08,1868.2108154296875,2322.0,2394.0,2302.0,2369.0,8000
2014-08-11,1902.0028076171875,2364.0,2364.0,2333.0,2333.0,5300
2014-08-12,1910.0482177734375,2374.0,2388.0,2351.0,2372.0,3800
2014-08-13,1947.05908203125,2420.0,2428.0,2368.0,2389.0,6400
2014-08-14,1940.62255859375,2412.0,2425.0,2400.0,2420.0,8000
2014-08-15,1925.335205078125,2393.0,2422.0,2390.0,2411.0,4600
2014-08-18,1910.853271484375,2375.0,2400.0,2367.0,2372.0,4600
2014-08-19,1890.7388916015625,2350.0,2400.0,2344.0,2372.0,16800
2014-08-20,1892.34765625,2352.0,2363.0,2336.0,2352.0,10800
2014-08-21,1900.3936767578125,2362.0,2373.0,2351.0,2359.0,14000
2014-08-22,1899.5892333984375,2361.0,2380.0,2350.0,2379.0,7000
2014-08-25,1922.1171875,2389.0,2392.0,2366.0,2375.0,5400
2014-08-26,1918.89892578125,2385.0,2400.0,2384.0,2395.0,6500
2014-08-27,1922.9219970703125,2390.0,2397.0,2374.0,2385.0,6000
2014-08-28,1933.3809814453125,2403.0,2404.0,2366.0,2366.0,10200
2014-08-29,1926.9447021484375,2395.0,2411.0,2364.0,2364.0,7400
2014-09-01,1913.26708984375,2378.0,2389.0,2376.0,2378.0,3200
2014-09-02,1939.0128173828125,2410.0,2415.0,2383.0,2391.0,13100
2014-09-03,1956.713623046875,2432.0,2435.0,2392.0,2410.0,16500
2014-09-04,1990.505859375,2474.0,2518.0,2431.0,2432.0,25300
2014-09-05,1980.0458984375,2461.0,2498.0,2447.0,2475.0,9100
2014-09-08,1968.7822265625,2447.0,2485.0,2427.0,2480.0,11800
2014-09-09,2000.16064453125,2486.0,2497.0,2442.0,2450.0,14800
2014-09-10,2169.92529296875,2697.0,2850.0,2491.0,2491.0,60500
2014-09-11,2136.1328125,2655.0,2673.0,2641.0,2670.0,23800
2014-09-12,2116.01904296875,2630.0,2705.0,2605.0,2705.0,25000
2014-09-16,2187.625244140625,2719.0,2734.0,2620.0,2680.0,18600
2014-09-17,2218.19873046875,2757.0,2803.0,2727.0,2737.0,18300
2014-09-18,2224.635498046875,2765.0,2780.0,2729.0,2757.0,21500
2014-09-19,2293.0244140625,2850.0,2850.0,2735.0,2739.0,31500
2014-09-22,2230.26708984375,2772.0,2845.0,2751.0,2845.0,13900
2014-09-24,2180.384033203125,2710.0,2760.0,2691.0,2729.0,13500
2014-09-25,2221.417236328125,2761.0,2761.0,2704.0,2747.0,13500
2014-09-26,2228.697998046875,2755.0,2779.0,2696.0,2696.0,19000
2014-09-29,2224.653076171875,2750.0,2760.0,2739.0,2739.0,6300
2014-09-30,2223.03515625,2748.0,2790.0,2721.0,2790.0,14800
2014-10-01,2224.653076171875,2750.0,2769.0,2743.0,2759.0,6400
2014-10-02,2194.720947265625,2713.0,2751.0,2710.0,2751.0,20600
2014-10-03,2245.685791015625,2776.0,2790.0,2680.0,2680.0,10100
2014-10-06,2266.718994140625,2802.0,2815.0,2770.0,2776.0,6700
2014-10-07,2216.563232421875,2740.0,2824.0,2740.0,2802.0,11200
2014-10-08,2168.834716796875,2681.0,2703.0,2661.0,2700.0,9500
2014-10-09,2103.30810546875,2600.0,2655.0,2600.0,2631.0,13300
2014-10-10,2047.4896240234375,2531.0,2578.0,2530.0,2561.0,12000
2014-10-14,2001.3790283203125,2474.0,2511.0,2451.0,2480.0,35800
2014-10-15,2006.2322998046875,2480.0,2500.0,2460.0,2460.0,21800
2014-10-16,1914.0106201171875,2366.0,2442.0,2358.0,2442.0,20500
2014-10-17,1883.2701416015625,2328.0,2383.0,2321.0,2321.0,31300
2014-10-20,1958.50390625,2421.0,2475.0,2370.0,2370.0,36600
2014-10-21,1981.96337890625,2450.0,2510.0,2430.0,2430.0,62800
2014-10-22,2015.93994140625,2492.0,2499.0,2467.0,2470.0,18000
2014-10-23,2006.2322998046875,2480.0,2494.0,2454.0,2454.0,10500
2014-10-24,2002.996337890625,2476.0,2520.0,2466.0,2485.0,12400
2014-10-27,2022.4122314453125,2500.0,2512.0,2477.0,2477.0,9900
2014-10-28,2030.5015869140625,2510.0,2575.0,2472.0,2501.0,11500
2014-10-29,2079.8486328125,2571.0,2571.0,2534.0,2556.0,10600
2014-10-30,2087.129150390625,2580.0,2614.0,2556.0,2574.0,15900
2014-10-31,2201.193115234375,2721.0,2749.0,2595.0,2620.0,24300
2014-11-04,2223.84423828125,2749.0,2810.0,2721.0,2760.0,23100
2014-11-05,2269.955322265625,2806.0,2818.0,2765.0,2765.0,13600
2014-11-06,2223.84423828125,2749.0,2843.0,2700.0,2843.0,12400
2014-11-07,2241.64111328125,2771.0,2791.0,2755.0,2755.0,4100
2014-11-10,2255.393798828125,2788.0,2792.0,2758.0,2778.0,4100
2014-11-11,2241.64111328125,2771.0,2790.0,2764.0,2788.0,8600
2014-11-12,2247.3037109375,2778.0,2812.0,2767.0,2801.0,8800
2014-11-13,2302.31396484375,2846.0,2846.0,2762.0,2798.0,11800
2014-11-14,2312.021240234375,2858.0,2900.0,2817.0,2900.0,15100
2014-11-17,2248.113037109375,2779.0,2858.0,2767.0,2858.0,6600
2014-11-18,2301.504638671875,2845.0,2845.0,2751.0,2751.0,7500
2014-11-19,2284.516357421875,2824.0,2847.0,2820.0,2820.0,8400
2014-11-20,2330.62744140625,2881.0,2929.0,2836.0,2849.0,13000
2014-11-21,2334.672119140625,2886.0,2920.0,2881.0,2881.0,7400
2014-11-25,2345.997314453125,2900.0,2924.0,2886.0,2886.0,4900
2014-11-26,2337.099365234375,2889.0,2900.0,2889.0,2900.0,4700
2014-11-27,2299.886474609375,2843.0,2881.0,2838.0,2877.0,5600
2014-11-28,2337.90869140625,2890.0,2892.0,2821.0,2824.0,4600
2014-12-01,2290.988525390625,2832.0,2901.0,2820.0,2890.0,6600
2014-12-02,2341.14404296875,2894.0,2895.0,2835.0,2835.0,5300
2014-12-03,2302.31396484375,2846.0,2894.0,2846.0,2894.0,3900
2014-12-04,2318.4931640625,2866.0,2894.0,2829.0,2846.0,9900
2014-12-05,2335.481201171875,2887.0,2887.0,2850.0,2850.0,4200
2014-12-08,2332.24560546875,2883.0,2895.0,2865.0,2888.0,6800
2014-12-09,2312.021240234375,2858.0,2871.0,2854.0,2857.0,4200
2014-12-10,2287.752197265625,2828.0,2849.0,2791.0,2808.0,14300
2014-12-11,2283.707275390625,2823.0,2844.0,2795.0,2827.0,8600
2014-12-12,2265.1015625,2800.0,2854.0,2800.0,2835.0,21300
2014-12-15,2218.18115234375,2742.0,2800.0,2731.0,2755.0,6200
2014-12-16,2205.238037109375,2726.0,2746.0,2720.0,2721.0,12400
2014-12-17,2181.778564453125,2697.0,2788.0,2685.0,2685.0,13800
2014-12-18,2278.044921875,2816.0,2825.0,2756.0,2777.0,8900
2014-12-19,2366.22216796875,2925.0,2925.0,2845.0,2845.0,11500
2014-12-22,2312.829833984375,2859.0,2905.0,2828.0,2905.0,8800
2014-12-24,2324.15576171875,2873.0,2910.0,2859.0,2859.0,7400
2014-12-25,2329.818603515625,2880.0,2898.0,2877.0,2887.0,4200
2014-12-26,2353.2783203125,2909.0,2949.0,2885.0,2900.0,8000
2014-12-29,2355.705322265625,2912.0,2936.0,2871.0,2909.0,8500
2014-12-30,2342.761962890625,2896.0,2930.0,2890.0,2930.0,5000
2015-01-05,2344.379638671875,2898.0,2920.0,2852.0,2896.0,8700
2015-01-06,2278.044921875,2816.0,2895.0,2816.0,2895.0,12400
2015-01-07,2246.4951171875,2777.0,2792.0,2772.0,2787.0,6500
2015-01-08,2259.437744140625,2793.0,2793.0,2775.0,2775.0,3100
2015-01-09,2309.593994140625,2855.0,2855.0,2784.0,2812.0,10200
2015-01-13,2255.393798828125,2788.0,2847.0,2780.0,2805.0,11600
2015-01-14,2269.146728515625,2805.0,2838.0,2788.0,2788.0,12800
2015-01-15,2271.572998046875,2808.0,2822.0,2785.0,2800.0,9400
2015-01-16,2227.079833984375,2753.0,2830.0,2737.0,2778.0,10600
2015-01-19,2211.709716796875,2734.0,2797.0,2668.0,2797.0,10000
2015-01-20,2226.270751953125,2752.0,2788.0,2720.0,2738.0,7700
2015-01-21,2223.03515625,2748.0,2783.0,2740.0,2783.0,5400
2015-01-22,2218.18115234375,2742.0,2783.0,2714.0,2783.0,5600
2015-01-23,2248.113037109375,2779.0,2788.0,2728.0,2788.0,6200
2015-01-26,2245.685791015625,2776.0,2783.0,2750.0,2779.0,4400
2015-01-27,2282.089599609375,2821.0,2842.0,2792.0,2808.0,9900
2015-01-28,2272.3818359375,2809.0,2820.0,2770.0,2800.0,8500
2015-01-29,2236.78759765625,2765.0,2820.0,2765.0,2809.0,13600
2015-01-30,2216.563232421875,2740.0,2781.0,2717.0,2763.0,12000
2015-02-02,2161.553955078125,2672.0,2740.0,2667.0,2740.0,13900
2015-02-03,2159.12646484375,2669.0,2723.0,2657.0,2710.0,12400
2015-02-04,2204.4287109375,2725.0,2735.0,2663.0,2663.0,9000
2015-02-05,2167.21630859375,2679.0,2699.0,2672.0,2699.0,11400
2015-02-06,2156.69970703125,2666.0,2699.0,2664.0,2675.0,11500
2015-02-09,2142.947265625,2649.0,2700.0,2641.0,2700.0,11700
2015-02-10,2140.52099609375,2646.0,2670.0,2640.0,2649.0,7100
2015-02-12,2134.85791015625,2639.0,2670.0,2639.0,2651.0,15500
2015-02-13,2156.69970703125,2666.0,2690.0,2664.0,2689.0,16700
2015-02-16,2151.037353515625,2659.0,2685.0,2659.0,2666.0,7500
2015-02-17,2164.7900390625,2676.0,2683.0,2653.0,2653.0,22000
2015-02-18,2187.4404296875,2704.0,2719.0,2689.0,2700.0,24100
2015-02-19,2214.9453125,2738.0,2744.0,2700.0,2700.0,25200
2015-02-20,2246.4951171875,2777.0,2798.0,2729.0,2745.0,16900
2015-02-23,2224.653076171875,2750.0,2763.0,2735.0,2762.0,32300
2015-02-24,2266.718994140625,2802.0,2805.0,2738.0,2740.0,23900
2015-02-25,2251.348388671875,2783.0,2800.0,2756.0,2780.0,27000
2015-02-26,2280.470703125,2819.0,2819.0,2791.0,2800.0,24000
2015-02-27,2283.707275390625,2823.0,2824.0,2786.0,2786.0,21600
2015-03-02,2278.044921875,2816.0,2847.0,2813.0,2828.0,12300
2015-03-03,2281.2802734375,2820.0,2835.0,2808.0,2816.0,12500
2015-03-04,2297.459716796875,2840.0,2848.0,2811.0,2811.0,20300
2015-03-05,2358.132568359375,2915.0,2920.0,2818.0,2818.0,23500
2015-03-06,2367.83935546875,2927.0,2955.0,2886.0,2886.0,25200
2015-03-09,2382.4013671875,2945.0,2945.0,2919.0,2925.0,12700
2015-03-10,2402.625732421875,2970.0,2992.0,2950.0,2950.0,18600
2015-03-11,2415.568603515625,2986.0,2994.0,2939.0,2940.0,16000
2015-03-12,2412.33349609375,2982.0,3030.0,2961.0,2999.0,25300
2015-03-13,2420.42236328125,2992.0,3005.0,2980.0,3005.0,24700
2015-03-16,2420.42236328125,2992.0,3005.0,2950.0,2961.0,18900
2015-03-17,2434.984130859375,3010.0,3030.0,2993.0,2993.0,16400
2015-03-18,2459.25341796875,3040.0,3040.0,2983.0,2983.0,16100
2015-03-19,2455.208251953125,3035.0,3080.0,3020.0,3055.0,17100
2015-03-20,2447.1181640625,3025.0,3045.0,3005.0,3005.0,17900
2015-03-23,2455.208251953125,3035.0,3050.0,2984.0,2984.0,40100
2015-03-24,2459.25341796875,3040.0,3055.0,3015.0,3025.0,24400
2015-03-25,2451.162841796875,3030.0,3060.0,3015.0,3025.0,32400
2015-03-26,2451.162841796875,3030.0,3040.0,2944.0,2950.0,139200
2015-03-27,2380.3154296875,2923.0,3005.0,2905.0,2960.0,47700
2015-03-30,2386.830810546875,2931.0,2994.0,2920.0,2964.0,14600
2015-03-31,2351.814208984375,2888.0,2936.0,2882.0,2928.0,12800
2015-04-01,2326.56884765625,2857.0,2888.0,2837.0,2850.0,21200
2015-04-02,2333.084228515625,2865.0,2912.0,2850.0,2850.0,17500
2015-04-03,2376.243896484375,2918.0,2925.0,2885.0,2900.0,15700
2015-04-06,2363.21435546875,2902.0,2938.0,2892.0,2918.0,9300
2015-04-07,2372.17236328125,2913.0,2930.0,2903.0,2903.0,7500
2015-04-08,2390.902587890625,2936.0,2954.0,2912.0,2913.0,12500
2015-04-09,2397.416748046875,2944.0,2955.0,2918.0,2953.0,7100
2015-04-10,2432.432861328125,2987.0,3005.0,2935.0,2945.0,20600
2015-04-13,2524.453857421875,3100.0,3110.0,2980.0,3025.0,30200
2015-04-14,2565.170654296875,3150.0,3180.0,3105.0,3110.0,12200
2015-04-15,2557.027587890625,3140.0,3175.0,3110.0,3120.0,9600
2015-04-16,2593.673095703125,3185.0,3195.0,3115.0,3195.0,21700
2015-04-17,2557.027587890625,3140.0,3185.0,3130.0,3185.0,8900
2015-04-20,2520.382568359375,3095.0,3140.0,3090.0,3095.0,11300
2015-04-21,2483.73681640625,3050.0,3080.0,2902.0,3025.0,12300
2015-04-22,2491.880859375,3060.0,3080.0,3025.0,3070.0,12600
2015-04-23,2491.880859375,3060.0,3200.0,3030.0,3090.0,20500
2015-04-24,2467.449951171875,3030.0,3110.0,3015.0,3095.0,10300
2015-04-27,2447.09130859375,3005.0,3070.0,2985.0,3070.0,15300
2015-04-28,2435.691162109375,2991.0,3040.0,2976.0,3000.0,15100
2015-04-30,2393.344970703125,2939.0,2971.0,2850.0,2960.0,21000
2015-05-01,2419.404541015625,2971.0,2986.0,2889.0,2889.0,15000
2015-05-07,2438.133544921875,2994.0,3045.0,2960.0,2971.0,11200
2015-05-08,2443.02001953125,3000.0,3010.0,2970.0,2972.0,9700
2015-05-11,2471.52197265625,3035.0,3070.0,3015.0,3070.0,10700
2015-05-12,2483.73681640625,3050.0,3090.0,2994.0,3090.0,5800
2015-05-13,2471.52197265625,3035.0,3065.0,3015.0,3065.0,8600
2015-05-14,2415.332275390625,2966.0,3010.0,2966.0,2992.0,8500
2015-05-15,2390.902587890625,2936.0,2986.0,2936.0,2986.0,10800
2015-05-18,2455.23583984375,3015.0,3035.0,2984.0,2986.0,18100
2015-05-19,2479.665771484375,3045.0,3100.0,3020.0,3050.0,11000
2015-05-20,2471.52197265625,3035.0,3080.0,2985.0,3075.0,8500
2015-05-21,2495.951904296875,3065.0,3080.0,3045.0,3080.0,6100
2015-05-22,2479.665771484375,3045.0,3075.0,3025.0,3065.0,3800
2015-05-25,2483.73681640625,3050.0,3120.0,3045.0,3085.0,9700
2015-05-26,2455.23583984375,3015.0,3075.0,3015.0,3070.0,6700
2015-05-27,2552.955810546875,3135.0,3170.0,3060.0,3080.0,33100
2015-05-28,2544.812744140625,3125.0,3135.0,3065.0,3105.0,11000
2015-05-29,2495.951904296875,3065.0,3120.0,3040.0,3120.0,6000
2015-06-01,2463.378173828125,3025.0,3065.0,3010.0,3035.0,6700
2015-06-02,2443.02001953125,3000.0,3050.0,2995.0,3040.0,9500
2015-06-03,2487.80908203125,3055.0,3065.0,3000.0,3000.0,6200
2015-06-04,2500.023681640625,3070.0,3090.0,3025.0,3055.0,7100
2015-06-05,2487.80908203125,3055.0,3075.0,3015.0,3015.0,6800
2015-06-08,2483.73681640625,3050.0,3075.0,3025.0,3055.0,2800
2015-06-09,2451.163330078125,3010.0,3065.0,3010.0,3040.0,7100
2015-06-10,2467.449951171875,3030.0,3065.0,3000.0,3010.0,8100
2015-06-11,2487.80908203125,3055.0,3065.0,3010.0,3025.0,12300
2015-06-12,2483.73681640625,3050.0,3065.0,3020.0,3065.0,20200
2015-06-15,2491.880859375,3060.0,3060.0,3030.0,3050.0,2600
2015-06-16,2475.593505859375,3040.0,3065.0,3040.0,3040.0,3500
2015-06-17,2463.378173828125,3025.0,3060.0,3025.0,3040.0,5600
2015-06-18,2459.306884765625,3020.0,3050.0,3020.0,3040.0,5000
2015-06-19,2495.951904296875,3065.0,3070.0,3025.0,3055.0,7800
2015-06-22,2528.525634765625,3105.0,3105.0,3025.0,3025.0,8700
2015-06-23,2593.673095703125,3185.0,3230.0,3020.0,3105.0,23000
2015-06-24,2569.242431640625,3155.0,3185.0,3115.0,3185.0,12200
2015-06-25,2524.453857421875,3100.0,3165.0,3080.0,3155.0,11100
2015-06-26,2601.816162109375,3195.0,3200.0,3120.0,3120.0,9700
2015-06-29,2528.525634765625,3105.0,3180.0,3090.0,3160.0,9600
2015-06-30,2512.238525390625,3085.0,3115.0,3050.0,3085.0,10100
2015-07-01,2479.665771484375,3045.0,3085.0,3040.0,3085.0,6400
2015-07-02,2532.596923828125,3110.0,3115.0,3070.0,3070.0,4600
2015-07-03,2487.80908203125,3055.0,3095.0,3055.0,3090.0,3400
2015-07-06,2390.087646484375,2935.0,3040.0,2920.0,3040.0,15400
2015-07-07,2415.332275390625,2966.0,3000.0,2913.0,2913.0,8400
2015-07-08,2322.4970703125,2852.0,2955.0,2850.0,2925.0,13700
2015-07-09,2307.839599609375,2834.0,2867.0,2767.0,2806.0,12300
2015-07-10,2368.91552734375,2909.0,3005.0,2789.0,2857.0,24700
2015-07-13,2399.85986328125,2947.0,2980.0,2923.0,2959.0,5400
2015-07-14,2430.804443359375,2985.0,3000.0,2948.0,3000.0,9800
2015-07-15,2425.91845703125,2979.0,2990.0,2910.0,2985.0,14800
2015-07-16,2434.87646484375,2990.0,2998.0,2915.0,2929.0,20800
2015-07-17,2410.446044921875,2960.0,2993.0,2960.0,2971.0,5400
2015-07-21,2423.4755859375,2976.0,2996.0,2961.0,2969.0,5300
2015-07-22,2401.489013671875,2949.0,2975.0,2949.0,2975.0,4000
2015-07-23,2393.344970703125,2939.0,2962.0,2934.0,2949.0,5100
2015-07-24,2372.17236328125,2913.0,2939.0,2911.0,2939.0,4700
2015-07-27,2350.184814453125,2886.0,2934.0,2886.0,2916.0,7300
2015-07-28,2374.615234375,2916.0,2950.0,2858.0,2862.0,9300
2015-07-29,2354.257080078125,2891.0,2917.0,2880.0,2908.0,5600
2015-07-30,2350.184814453125,2886.0,2917.0,2881.0,2890.0,5700
2015-07-31,2400.674072265625,2948.0,2954.0,2894.0,2923.0,9500
2015-08-03,2377.872314453125,2920.0,2960.0,2897.0,2898.0,8900
2015-08-04,2374.615234375,2916.0,2925.0,2892.0,2925.0,7600
2015-08-05,2380.3154296875,2923.0,2928.0,2889.0,2891.0,6300
2015-08-06,2357.513916015625,2895.0,2915.0,2891.0,2902.0,11500
2015-08-07,2342.041259765625,2876.0,2909.0,2873.0,2892.0,5700
2015-08-10,2313.539306640625,2841.0,2877.0,2831.0,2876.0,14800
2015-08-11,2307.025146484375,2833.0,2846.0,2810.0,2845.0,10300
2015-08-12,2299.695556640625,2824.0,2850.0,2800.0,2800.0,10500
2015-08-13,2282.5947265625,2803.0,2837.0,2792.0,2821.0,9300
2015-08-14,2305.396484375,2831.0,2836.0,2803.0,2803.0,3100
2015-08-17,2289.109619140625,2811.0,2858.0,2811.0,2831.0,8500
2015-08-18,2309.468017578125,2836.0,2841.0,2803.0,2803.0,5800
2015-08-19,2267.122314453125,2784.0,2820.0,2784.0,2815.0,5400
2015-08-20,2230.47705078125,2739.0,2780.0,2739.0,2780.0,8600
2015-08-21,2173.472412109375,2669.0,2712.0,2667.0,2700.0,13200
2015-08-24,2094.482421875,2572.0,2681.0,2572.0,2629.0,14600
2015-08-25,1962.5589599609375,2410.0,2608.0,2410.0,2511.0,22800
2015-08-26,1959.3013916015625,2406.0,2452.0,2380.0,2423.0,31900
2015-08-27,1982.1033935546875,2434.0,2500.0,2421.0,2451.0,34000
2015-08-28,2046.4366455078125,2513.0,2529.0,2480.0,2500.0,22000
2015-08-31,2074.1240234375,2547.0,2558.0,2515.0,2515.0,8600
2015-09-01,2034.2215576171875,2498.0,2564.0,2496.0,2547.0,11900
2015-09-02,2007.3482666015625,2465.0,2544.0,2455.0,2455.0,12400
2015-09-03,2023.634521484375,2485.0,2512.0,2465.0,2498.0,15300
2015-09-04,2004.9052734375,2462.0,2554.0,2437.0,2510.0,18000
2015-09-07,2034.2215576171875,2498.0,2532.0,2457.0,2457.0,11900
2015-09-08,2022.8199462890625,2484.0,2516.0,2479.0,2498.0,14900
2015-09-09,2068.423583984375,2540.0,2557.0,2511.0,2530.0,21900
2015-09-10,2043.1785888671875,2509.0,2539.0,2488.0,2500.0,25500
2015-09-11,2092.853759765625,2570.0,2585.0,2520.0,2520.0,30500
2015-09-14,2074.1240234375,2547.0,2570.0,2545.0,2570.0,9100
2015-09-15,2066.794677734375,2538.0,2569.0,2531.0,2552.0,8500
2015-09-16,2060.27978515625,2530.0,2593.0,2502.0,2554.0,19800
2015-09-17,2093.66796875,2571.0,2571.0,2521.0,2530.0,17000
2015-09-18,2068.423583984375,2540.0,2572.0,2514.0,2571.0,20200
2015-09-24,2035.8502197265625,2500.0,2548.0,2471.0,2499.0,21400
2015-09-25,2060.27978515625,2530.0,2543.0,2484.0,2497.0,17300
2015-09-28,2069.302490234375,2523.0,2532.0,2479.0,2500.0,12700
2015-09-29,2031.573974609375,2477.0,2498.0,2474.0,2490.0,11800
2015-09-30,2034.0341796875,2480.0,2538.0,2463.0,2508.0,25100
2015-10-01,2061.1005859375,2513.0,2533.0,2463.0,2497.0,23600
2015-10-02,2038.95556640625,2486.0,2500.0,2472.0,2500.0,7100
2015-10-05,2035.6741943359375,2482.0,2527.0,2479.0,2510.0,12100
2015-10-06,2040.5955810546875,2488.0,2524.0,2487.0,2500.0,14600
2015-10-07,2064.38134765625,2517.0,2524.0,2499.0,2502.0,18800
2015-10-08,2068.481689453125,2522.0,2529.0,2486.0,2520.0,25100
2015-10-09,2094.727294921875,2554.0,2554.0,2513.0,2525.0,11400
2015-10-13,2091.44677734375,2550.0,2556.0,2526.0,2548.0,9500
2015-10-14,2039.775634765625,2487.0,2526.0,2486.0,2510.0,11700
2015-10-15,2047.9776611328125,2497.0,2505.0,2480.0,2490.0,8500
2015-10-16,2034.85498046875,2481.0,2502.0,2473.0,2497.0,11300
2015-10-19,2025.012451171875,2469.0,2492.0,2461.0,2485.0,5000
2015-10-20,2022.5518798828125,2466.0,2477.0,2466.0,2469.0,2400
2015-10-21,2043.0562744140625,2491.0,2491.0,2459.0,2460.0,10200
2015-10-22,2021.732177734375,2465.0,2490.0,2465.0,2466.0,9000
2015-10-23,2029.933837890625,2475.0,2509.0,2468.0,2501.0,15000
2015-10-26,2020.9119873046875,2464.0,2480.0,2435.0,2476.0,20300
2015-10-27,2024.1922607421875,2468.0,2480.0,2461.0,2461.0,8200
2015-10-28,2017.6312255859375,2460.0,2470.0,2453.0,2460.0,11300
2015-10-29,2007.7890625,2448.0,2457.0,2435.0,2455.0,8300
2015-10-30,2067.662109375,2521.0,2534.0,2466.0,2466.0,16600
2015-11-02,2018.450927734375,2461.0,2540.0,2461.0,2521.0,11000
2015-11-04,2030.753662109375,2476.0,2520.0,2474.0,2520.0,12200
2015-11-05,2051.2578125,2501.0,2501.0,2476.0,2476.0,3700
2015-11-06,2058.6396484375,2510.0,2530.0,2499.0,2501.0,7600
2015-11-09,2062.74072265625,2515.0,2530.0,2505.0,2518.0,13000
2015-11-10,2069.302490234375,2523.0,2536.0,2504.0,2515.0,5200
2015-11-11,2088.986572265625,2547.0,2547.0,2513.0,2513.0,7400
2015-11-12,2084.0654296875,2541.0,2549.0,2512.0,2547.0,11300
2015-11-13,2074.22265625,2529.0,2546.0,2514.0,2545.0,7500
2015-11-16,2075.043212890625,2530.0,2542.0,2513.0,2528.0,6800
2015-11-17,2085.70556640625,2543.0,2553.0,2538.0,2548.0,12800
2015-11-18,2071.762451171875,2526.0,2559.0,2515.0,2559.0,9100
2015-11-19,2088.165771484375,2546.0,2553.0,2536.0,2540.0,9500
2015-11-20,2118.5126953125,2583.0,2589.0,2546.0,2546.0,11400
2015-11-24,2134.095947265625,2602.0,2603.0,2585.0,2601.0,8400
2015-11-25,2135.736328125,2604.0,2628.0,2602.0,2618.0,11800
2015-11-26,2107.850341796875,2570.0,2623.0,2568.0,2617.0,8600
2015-11-27,2066.021484375,2519.0,2570.0,2519.0,2560.0,18200
2015-11-30,2054.53857421875,2505.0,2552.0,2487.0,2552.0,26400
2015-12-01,2061.920166015625,2514.0,2535.0,2490.0,2530.0,9100
2015-12-02,2091.44677734375,2550.0,2564.0,2543.0,2550.0,17800
2015-12-03,2118.5126953125,2583.0,2586.0,2550.0,2574.0,35400
2015-12-04,2107.850341796875,2570.0,2579.0,2557.0,2575.0,30200
2015-12-07,2121.79345703125,2587.0,2617.0,2587.0,2588.0,25200
2015-12-08,2119.332275390625,2584.0,2598.0,2575.0,2590.0,8700
2015-12-09,2098.82861328125,2559.0,2586.0,2549.0,2562.0,20900
2015-12-10,2081.60498046875,2538.0,2563.0,2536.0,2559.0,15300
2015-12-11,2038.95556640625,2486.0,2527.0,2482.0,2501.0,35200
2015-12-14,2021.732177734375,2465.0,2486.0,2458.0,2486.0,14900
2015-12-15,1993.0257568359375,2430.0,2477.0,2419.0,2466.0,13600
2015-12-16,2015.170654296875,2457.0,2482.0,2432.0,2480.0,11400
2015-12-17,2025.8330078125,2470.0,2492.0,2457.0,2488.0,8000
2015-12-18,2017.6312255859375,2460.0,2507.0,2451.0,2470.0,10400
2015-12-21,1980.7232666015625,2415.0,2454.0,2403.0,2454.0,13400
2015-12-22,1993.8458251953125,2431.0,2454.0,2426.0,2440.0,13800
2015-12-24,1974.1612548828125,2407.0,2431.0,2401.0,2429.0,16800
2015-12-25,1974.1612548828125,2407.0,2407.0,2407.0,2407.0,0
2015-12-28,2029.933837890625,2475.0,2482.0,2432.0,2435.0,11000
2015-12-29,2052.077880859375,2502.0,2549.0,2465.0,2475.0,13700
2015-12-30,2066.021484375,2519.0,2539.0,2518.0,2539.0,6800
2016-01-04,2018.450927734375,2461.0,2521.0,2459.0,2519.0,9200
2016-01-05,1992.205322265625,2429.0,2473.0,2429.0,2473.0,13100
2016-01-06,1954.477294921875,2383.0,2431.0,2361.0,2426.0,20600
2016-01-07,1906.9071044921875,2325.0,2397.0,2324.0,2395.0,20100
2016-01-08,1853.5958251953125,2260.0,2297.0,2256.0,2297.0,27200
2016-01-12,1822.42919921875,2222.0,2262.0,2217.0,2260.0,22800
2016-01-13,1827.350341796875,2228.0,2243.0,2206.0,2225.0,20600
2016-01-14,1784.7010498046875,2176.0,2220.0,2166.0,2220.0,23100
2016-01-15,1779.7799072265625,2170.0,2217.0,2162.0,2217.0,12900
2016-01-18,1751.073974609375,2135.0,2164.0,2116.0,2164.0,12800
2016-01-19,1737.1309814453125,2118.0,2144.0,2114.0,2139.0,10100
2016-01-20,1687.9205322265625,2058.0,2131.0,2058.0,2112.0,14400
2016-01-21,1620.666015625,1976.0,2054.0,1976.0,2014.0,22200
2016-01-22,1663.3153076171875,2028.0,2037.0,1987.0,2010.0,19500
2016-01-25,1681.359130859375,2050.0,2064.0,2035.0,2064.0,25900
2016-01-26,1675.6177978515625,2043.0,2083.0,2034.0,2052.0,17900
2016-01-27,1704.323974609375,2078.0,2086.0,2048.0,2071.0,15200
2016-01-28,1709.2449951171875,2084.0,2100.0,2055.0,2065.0,12600
2016-01-29,1738.771728515625,2120.0,2150.0,2084.0,2091.0,19000
2016-02-01,1774.038818359375,2163.0,2168.0,2141.0,2150.0,14600
2016-02-02,1779.7799072265625,2170.0,2186.0,2156.0,2173.0,17800
2016-02-03,1737.1309814453125,2118.0,2150.0,2089.0,2150.0,13200
2016-02-04,1732.210205078125,2112.0,2117.0,2089.0,2100.0,13200
2016-02-05,1687.9205322265625,2058.0,2100.0,2050.0,2072.0,18200
2016-02-08,1714.1663818359375,2090.0,2110.0,2030.0,2050.0,23500
2016-02-09,1661.6748046875,2026.0,2036.0,2004.0,2021.0,19600
2016-02-10,1660.034423828125,2024.0,2060.0,2006.0,2060.0,31600
2016-02-12,1641.99072265625,2002.0,2051.0,1998.0,2000.0,47900
2016-02-15,1742.8724365234375,2125.0,2131.0,2054.0,2087.0,14900
2016-02-16,1787.162109375,2179.0,2215.0,2118.0,2125.0,25300
2016-02-17,1797.00390625,2191.0,2235.0,2169.0,2170.0,20600
2016-02-18,1849.495361328125,2255.0,2279.0,2206.0,2214.0,13000
2016-02-19,1808.4862060546875,2205.0,2245.0,2199.0,2245.0,10000
2016-02-22,1801.1043701171875,2196.0,2203.0,2100.0,2201.0,15700
2016-02-23,1805.20556640625,2201.0,2268.0,2198.0,2198.0,10100
2016-02-24,1770.75830078125,2159.0,2208.0,2158.0,2190.0,14200
2016-02-25,1819.9686279296875,2219.0,2236.0,2176.0,2176.0,10900
2016-02-26,1793.72314453125,2187.0,2252.0,2185.0,2232.0,11300
2016-02-29,1802.7449951171875,2198.0,2239.0,2196.0,2198.0,18700
2016-03-01,1771.578369140625,2160.0,2195.0,2143.0,2190.0,20700
2016-03-02,1798.644287109375,2193.0,2209.0,2165.0,2209.0,16900
2016-03-03,1810.94677734375,2208.0,2228.0,2191.0,2191.0,15300
2016-03-04,1833.9114990234375,2236.0,2240.0,2207.0,2208.0,17400
2016-03-07,1846.21435546875,2251.0,2270.0,2225.0,2239.0,20800
2016-03-08,1819.9686279296875,2219.0,2254.0,2195.0,2251.0,16800
2016-03-09,1759.275634765625,2145.0,2195.0,2134.0,2195.0,28100
2016-03-10,1776.499755859375,2166.0,2172.0,2145.0,2155.0,16800
2016-03-11,1763.3763427734375,2150.0,2163.0,2116.0,2116.0,31800
2016-03-14,1771.578369140625,2160.0,2171.0,2140.0,2163.0,33700
2016-03-15,1755.9951171875,2141.0,2163.0,2141.0,2150.0,32500
2016-03-16,1769.1180419921875,2157.0,2164.0,2131.0,2149.0,20400
2016-03-17,1796.1837158203125,2190.0,2220.0,2169.0,2169.0,23900
2016-03-18,1803.5655517578125,2199.0,2209.0,2170.0,2209.0,23900
2016-03-22,1833.0914306640625,2235.0,2239.0,2210.0,2215.0,34900
2016-03-23,1847.0340576171875,2252.0,2259.0,2236.0,2247.0,40900
2016-03-24,1783.0611572265625,2174.0,2240.0,2174.0,2240.0,54300
2016-03-25,1758.455810546875,2144.0,2190.0,2133.0,2174.0,64100
2016-03-28,1755.1748046875,2140.0,2160.0,2121.0,2151.0,203300
2016-03-29,1727.8795166015625,2089.0,2105.0,2073.0,2090.0,93700
2016-03-30,1715.472900390625,2074.0,2091.0,2068.0,2085.0,30300
2016-03-31,1701.411376953125,2057.0,2100.0,2057.0,2088.0,39600
2016-04-01,1690.6585693359375,2044.0,2088.0,2032.0,2083.0,46000
2016-04-04,1695.6212158203125,2050.0,2072.0,2034.0,2038.0,17300
2016-04-05,1665.017578125,2013.0,2062.0,2006.0,2040.0,23300
2016-04-06,1646.8204345703125,1991.0,2020.0,1982.0,2011.0,12600
2016-04-07,1655.092041015625,2001.0,2016.0,1990.0,1990.0,13400
2016-04-08,1675.77001953125,2026.0,2050.0,1976.0,1990.0,28200
2016-04-11,1674.115966796875,2024.0,2035.0,1994.0,2035.0,12700
2016-04-12,1707.200927734375,2064.0,2074.0,2047.0,2052.0,14700
2016-04-13,1755.1748046875,2122.0,2132.0,2072.0,2072.0,30100
2016-04-14,1803.975830078125,2181.0,2184.0,2140.0,2147.0,38400
2016-04-15,1787.4329833984375,2161.0,2180.0,2154.0,2180.0,9600
2016-04-18,1758.483154296875,2126.0,2150.0,2095.0,2137.0,12800
2016-04-19,1794.877197265625,2170.0,2176.0,2132.0,2160.0,14800
2016-04-20,1782.470458984375,2155.0,2183.0,2145.0,2173.0,18100
2016-04-21,1812.2469482421875,2191.0,2192.0,2170.0,2181.0,17800
2016-04-22,1817.209716796875,2197.0,2208.0,2186.0,2191.0,10200
2016-04-25,1799.012939453125,2175.0,2200.0,2173.0,2200.0,4200
2016-04-26,1793.22314453125,2168.0,2174.0,2131.0,2174.0,10500
2016-04-27,1773.3719482421875,2144.0,2167.0,2130.0,2167.0,5600
2016-04-28,1746.0762939453125,2111.0,2171.0,2108.0,2162.0,11700
2016-05-02,1684.04150390625,2036.0,2100.0,2031.0,2100.0,16100
2016-05-06,1660.8818359375,2008.0,2051.0,1986.0,2040.0,24000
2016-05-09,1666.671630859375,2015.0,2025.0,2003.0,2008.0,9700
2016-05-10,1718.781005859375,2078.0,2088.0,2010.0,2010.0,15500
2016-05-11,1715.472900390625,2074.0,2120.0,2040.0,2102.0,8700
2016-05-12,1688.17724609375,2041.0,2060.0,2032.0,2038.0,8800
2016-05-13,1662.5360107421875,2010.0,2037.0,2003.0,2033.0,12300
2016-05-16,1668.3260498046875,2017.0,2076.0,1992.0,1992.0,6400
2016-05-17,1697.2757568359375,2052.0,2063.0,2010.0,2032.0,22900
2016-05-18,1657.5731201171875,2004.0,2157.0,1990.0,2052.0,21400
2016-05-19,1651.783203125,1997.0,2027.0,1991.0,2000.0,30900
2016-05-20,1669.1533203125,2018.0,2027.0,1992.0,1997.0,6800
2016-05-23,1696.4486083984375,2051.0,2054.0,1995.0,2018.0,12800
2016-05-24,1705.5469970703125,2062.0,2079.0,2028.0,2039.0,9800
2016-05-25,1757.65625,2125.0,2169.0,2064.0,2064.0,13100
2016-05-26,1735.3238525390625,2098.0,2126.0,2098.0,2125.0,7000
2016-05-27,1731.1881103515625,2093.0,2106.0,2064.0,2106.0,5000
2016-05-30,1741.1134033203125,2105.0,2110.0,2080.0,2080.0,3900
2016-05-31,1741.9407958984375,2106.0,2125.0,2083.0,2125.0,9500
2016-06-01,1756.002197265625,2123.0,2169.0,2076.0,2076.0,8300
2016-06-02,1717.126953125,2076.0,2104.0,2076.0,2086.0,7800
2016-06-03,1720.4354248046875,2080.0,2087.0,2050.0,2050.0,11000
2016-06-06,1708.85546875,2066.0,2113.0,2047.0,2069.0,14300
2016-06-07,1726.22509765625,2087.0,2124.0,2073.0,2090.0,8700
2016-06-08,1755.1748046875,2122.0,2122.0,2072.0,2087.0,6600
2016-06-09,1751.866455078125,2118.0,2127.0,2072.0,2107.0,10500
2016-06-10,1751.039306640625,2117.0,2127.0,2100.0,2120.0,20800
2016-06-13,1694.7943115234375,2049.0,2100.0,2022.0,2100.0,19700
2016-06-14,1696.4486083984375,2051.0,2068.0,2040.0,2050.0,10800
2016-06-15,1694.7943115234375,2049.0,2077.0,2041.0,2050.0,8000
2016-06-16,1675.77001953125,2026.0,2062.0,2021.0,2062.0,18300
2016-06-17,1685.695556640625,2038.0,2072.0,2026.0,2072.0,6400
2016-06-20,1732.015380859375,2094.0,2100.0,2067.0,2079.0,11000
2016-06-21,1759.310302734375,2127.0,2131.0,2089.0,2094.0,12600
2016-06-22,1729.5338134765625,2091.0,2096.0,2069.0,2096.0,9200
2016-06-23,1731.1881103515625,2093.0,2095.0,2040.0,2091.0,6900
2016-06-24,1645.1663818359375,1989.0,2149.0,1976.0,2094.0,23700
2016-06-27,1662.5360107421875,2010.0,2025.0,1973.0,1990.0,11600
2016-06-28,1578.995849609375,1909.0,1968.0,1905.0,1952.0,21900
2016-06-29,1643.5120849609375,1987.0,1995.0,1921.0,1921.0,9400
2016-06-30,1660.8818359375,2008.0,2039.0,2000.0,2000.0,5600
2016-07-01,1645.1663818359375,1989.0,2001.0,1977.0,1987.0,13300
2016-07-04,1628.623779296875,1969.0,2000.0,1953.0,2000.0,6900
2016-07-05,1619.5252685546875,1958.0,1979.0,1947.0,1969.0,6000
2016-07-06,1599.674072265625,1934.0,1950.0,1914.0,1950.0,10300
2016-07-07,1586.4398193359375,1918.0,1945.0,1915.0,1934.0,6000
2016-07-08,1564.9346923828125,1892.0,1945.0,1892.0,1929.0,9400
2016-07-11,1564.9346923828125,1892.0,1892.0,1892.0,1892.0,0
2016-07-12,1657.5731201171875,2004.0,2004.0,1920.0,1929.0,29700
2016-07-13,1678.2518310546875,2029.0,2055.0,2011.0,2011.0,8600
2016-07-14,1702.238525390625,2058.0,2076.0,2029.0,2053.0,12100
2016-07-15,1722.089599609375,2082.0,2087.0,2057.0,2087.0,7500
2016-07-19,1739.4591064453125,2103.0,2104.0,2036.0,2082.0,13300
2016-07-20,1756.002197265625,2123.0,2125.0,2100.0,2110.0,8500
2016-07-21,1732.015380859375,2094.0,2122.0,2078.0,2120.0,3600
2016-07-22,1727.052490234375,2088.0,2100.0,2052.0,2100.0,6800
2016-07-25,1765.9273681640625,2135.0,2146.0,2090.0,2116.0,6500
2016-07-26,1736.9779052734375,2100.0,2150.0,2087.0,2145.0,9200
2016-07-27,1770.063232421875,2140.0,2165.0,2100.0,2101.0,7500
2016-07-28,1782.470458984375,2155.0,2164.0,2083.0,2108.0,11000
2016-07-29,1752.693603515625,2119.0,2131.0,2065.0,2122.0,4500
2016-08-01,1645.9932861328125,1990.0,2058.0,1990.0,2040.0,13900
2016-08-02,1641.8577880859375,1985.0,1988.0,1955.0,1978.0,8400
2016-08-03,1616.2169189453125,1954.0,1985.0,1954.0,1985.0,8700
2016-08-04,1617.043701171875,1955.0,1999.0,1955.0,1988.0,7200
2016-08-05,1619.5252685546875,1958.0,1988.0,1930.0,1950.0,5900
2016-08-08,1616.2169189453125,1954.0,1975.0,1946.0,1975.0,9000
2016-08-09,1613.735107421875,1951.0,1975.0,1945.0,1962.0,5800
2016-08-10,1621.1795654296875,1960.0,1962.0,1947.0,1955.0,3800
2016-08-12,1647.647705078125,1992.0,1997.0,1962.0,1965.0,7700
2016-08-15,1650.12939453125,1995.0,2003.0,1990.0,2003.0,4300
2016-08-16,1610.4267578125,1947.0,1995.0,1942.0,1995.0,12500
2016-08-17,1613.735107421875,1951.0,1972.0,1927.0,1942.0,9400
2016-08-18,1573.2059326171875,1902.0,1949.0,1900.0,1940.0,10000
2016-08-19,1606.2911376953125,1942.0,1956.0,1900.0,1900.0,9600
2016-08-22,1631.9322509765625,1973.0,1980.0,1937.0,1942.0,8200
2016-08-23,1608.7725830078125,1945.0,1963.0,1940.0,1944.0,5400
2016-08-24,1593.0570068359375,1926.0,1948.0,1924.0,1942.0,5100
2016-08-25,1574.0328369140625,1903.0,1927.0,1901.0,1926.0,9600
2016-08-26,1562.4532470703125,1889.0,1909.0,1880.0,1903.0,11500
2016-08-29,1571.5511474609375,1900.0,1910.0,1883.0,1910.0,12700
2016-08-30,1532.676513671875,1853.0,1908.0,1850.0,1908.0,13700
2016-08-31,1545.083251953125,1868.0,1874.0,1853.0,1857.0,13500
2016-09-01,1562.4532470703125,1889.0,1889.0,1847.0,1852.0,18000
2016-09-02,1566.588623046875,1894.0,1900.0,1876.0,1889.0,12600
2016-09-05,1585.6129150390625,1917.0,1929.0,1904.0,1915.0,7900
2016-09-06,1607.9453125,1944.0,1949.0,1933.0,1935.0,11900
2016-09-07,1611.2540283203125,1948.0,1955.0,1941.0,1945.0,8600
2016-09-08,1629.4508056640625,1970.0,1970.0,1942.0,1945.0,5500
2016-09-09,1622.0064697265625,1961.0,1993.0,1956.0,1981.0,14900
2016-09-12,1619.5252685546875,1958.0,1961.0,1945.0,1961.0,5000
2016-09-13,1607.9453125,1944.0,1970.0,1944.0,1970.0,4800
2016-09-14,1602.155517578125,1937.0,1966.0,1931.0,1944.0,5700
2016-09-15,1589.7484130859375,1922.0,1939.0,1922.0,1937.0,2400
2016-09-16,1635.24072265625,1977.0,1977.0,1922.0,1922.0,7700
2016-09-20,1597.192626953125,1931.0,1973.0,1925.0,1954.0,12400
2016-09-21,1650.12939453125,1995.0,1999.0,1931.0,1931.0,9300
2016-09-23,1655.092041015625,2001.0,2001.0,1972.0,1995.0,11400
2016-09-26,1669.1533203125,2018.0,2024.0,2003.0,2015.0,7500
2016-09-27,1706.374267578125,2063.0,2077.0,1980.0,2006.0,26300
2016-09-28,1716.347900390625,2065.0,2090.0,2045.0,2045.0,12700
2016-09-29,1715.5166015625,2064.0,2075.0,2043.0,2043.0,18600
2016-09-30,1667.3095703125,2006.0,2021.0,1997.0,2014.0,12200
2016-10-03,1673.9588623046875,2014.0,2021.0,2000.0,2010.0,7400
2016-10-04,1678.1148681640625,2019.0,2024.0,2001.0,2004.0,8400
2016-10-05,1695.5689697265625,2040.0,2065.0,2003.0,2003.0,11100
2016-10-06,1735.4647216796875,2088.0,2105.0,2065.0,2065.0,10800
2016-10-07,1693.906494140625,2038.0,2076.0,2025.0,2054.0,8200
2016-10-11,1699.724609375,2045.0,2050.0,2021.0,2035.0,5200
2016-10-12,1679.7767333984375,2021.0,2038.0,2006.0,2031.0,7800
2016-10-13,1674.789794921875,2015.0,2046.0,2003.0,2024.0,5400
2016-10-14,1678.1148681640625,2019.0,2025.0,2000.0,2000.0,6300
2016-10-17,1673.9588623046875,2014.0,2020.0,2008.0,2019.0,8200
2016-10-18,1677.2835693359375,2018.0,2028.0,2000.0,2014.0,8400
2016-10-19,1679.7767333984375,2021.0,2027.0,2006.0,2006.0,8300
2016-10-20,1688.9195556640625,2032.0,2035.0,2020.0,2020.0,8500
2016-10-21,1693.906494140625,2038.0,2048.0,2031.0,2048.0,4500
2016-10-24,1587.51806640625,1910.0,1935.0,1882.0,1882.0,50100
2016-10-25,1582.53125,1904.0,1921.0,1903.0,1910.0,59300
2016-10-26,1586.6868896484375,1909.0,1911.0,1902.0,1902.0,29400
2016-10-27,1580.8687744140625,1902.0,1911.0,1901.0,1909.0,23300
2016-10-28,1604.1414794921875,1930.0,1938.0,1910.0,1911.0,25900
2016-10-31,1604.972412109375,1931.0,1935.0,1918.0,1930.0,22100
2016-11-01,1617.4398193359375,1946.0,1947.0,1926.0,1931.0,11500
2016-11-02,1626.58251953125,1957.0,1960.0,1936.0,1940.0,14800
2016-11-04,1608.296875,1935.0,1952.0,1914.0,1945.0,14000
2016-11-07,1610.7906494140625,1938.0,1967.0,1934.0,1967.0,11800
2016-11-08,1599.985595703125,1925.0,1945.0,1918.0,1933.0,6300
2016-11-09,1566.739013671875,1885.0,1944.0,1885.0,1944.0,23700
2016-11-10,1629.076171875,1960.0,1963.0,1919.0,1945.0,15500
2016-11-11,1631.569580078125,1963.0,1966.0,1947.0,1948.0,9500
2016-11-14,1632.4007568359375,1964.0,1979.0,1956.0,1965.0,10200
2016-11-15,1624.920166015625,1955.0,1969.0,1947.0,1962.0,11200
2016-11-16,1620.7642822265625,1950.0,1968.0,1942.0,1945.0,13100
2016-11-17,1604.1414794921875,1930.0,1936.0,1925.0,1930.0,12800
2016-11-18,1599.985595703125,1925.0,1939.0,1922.0,1922.0,46800
2016-11-21,1604.972412109375,1931.0,1936.0,1915.0,1923.0,12200
2016-11-22,1620.7642822265625,1950.0,1950.0,1931.0,1931.0,9100
2016-11-24,1634.0631103515625,1966.0,1969.0,1958.0,1960.0,6000
2016-11-25,1650.686279296875,1986.0,1996.0,1975.0,1975.0,10700
2016-11-28,1646.5303955078125,1981.0,1986.0,1960.0,1980.0,13200
2016-11-29,1657.335693359375,1994.0,1994.0,1981.0,1981.0,5400
2016-11-30,1629.076171875,1960.0,1983.0,1958.0,1981.0,13300
2016-12-01,1649.02392578125,1984.0,2000.0,1981.0,1983.0,12000
2016-12-02,1667.3095703125,2006.0,2014.0,1984.0,1984.0,9600
2016-12-05,1662.3223876953125,2000.0,2015.0,1990.0,1994.0,8100
2016-12-06,1655.67333984375,1992.0,2018.0,1991.0,2013.0,14000
2016-12-07,1693.075439453125,2037.0,2040.0,2016.0,2021.0,19000
2016-12-08,1736.2958984375,2089.0,2091.0,2054.0,2054.0,15700
2016-12-09,1742.1141357421875,2096.0,2097.0,2070.0,2070.0,21300
2016-12-12,1793.6461181640625,2158.0,2163.0,2083.0,2103.0,24200
2016-12-13,1798.63330078125,2164.0,2167.0,2134.0,2162.0,11300
2016-12-14,1782.8408203125,2145.0,2164.0,2133.0,2164.0,10200
2016-12-15,1762.0621337890625,2120.0,2139.0,2113.0,2127.0,15800
2016-12-16,1735.4647216796875,2088.0,2143.0,2053.0,2120.0,24500
2016-12-19,1768.7113037109375,2128.0,2130.0,2077.0,2099.0,19600
2016-12-20,1791.9835205078125,2156.0,2157.0,2121.0,2128.0,11900
2016-12-21,1831.04833984375,2203.0,2205.0,2150.0,2160.0,15200
2016-12-22,1896.7098388671875,2282.0,2283.0,2203.0,2203.0,28900
2016-12-26,1920.813720703125,2311.0,2334.0,2282.0,2286.0,25200
2016-12-27,1919.9825439453125,2310.0,2321.0,2295.0,2321.0,14600
2016-12-28,1915.8262939453125,2305.0,2318.0,2294.0,2309.0,14400
2016-12-29,1882.5804443359375,2265.0,2305.0,2261.0,2305.0,16000
2016-12-30,1880.91845703125,2263.0,2289.0,2216.0,2240.0,23900
2017-01-04,1957.384765625,2355.0,2355.0,2263.0,2290.0,29000
2017-01-05,1936.6058349609375,2330.0,2398.0,2323.0,2360.0,17400
2017-01-06,1933.2811279296875,2326.0,2330.0,2290.0,2330.0,12400
2017-01-10,1915.8262939453125,2305.0,2335.0,2290.0,2301.0,14600
2017-01-11,1903.3590087890625,2290.0,2306.0,2273.0,2285.0,12200
2017-01-12,1880.0867919921875,2262.0,2310.0,2256.0,2310.0,15100
2017-01-13,1846.8404541015625,2222.0,2252.0,2220.0,2252.0,14900
2017-01-16,1846.8404541015625,2222.0,2233.0,2199.0,2225.0,11300
2017-01-17,1830.217041015625,2202.0,2222.0,2191.0,2222.0,7900
2017-01-18,1821.90576171875,2192.0,2202.0,2155.0,2202.0,7700
2017-01-19,1842.6846923828125,2217.0,2231.0,2200.0,2210.0,9200
2017-01-20,1853.48974609375,2230.0,2233.0,2194.0,2217.0,15000
2017-01-23,1831.8795166015625,2204.0,2215.0,2193.0,2210.0,4000
2017-01-24,1808.6070556640625,2176.0,2216.0,2172.0,2204.0,13300
2017-01-25,1819.412109375,2189.0,2212.0,2177.0,2212.0,6500
2017-01-26,1842.6846923828125,2217.0,2225.0,2194.0,2212.0,10900
2017-01-27,1849.3338623046875,2225.0,2238.0,2217.0,2225.0,7200
2017-01-30,1864.2947998046875,2243.0,2250.0,2217.0,2230.0,11800
2017-01-31,1890.0606689453125,2274.0,2280.0,2220.0,2220.0,9700
2017-02-01,1939.9302978515625,2334.0,2340.0,2238.0,2240.0,14200
2017-02-02,1880.91845703125,2263.0,2349.0,2252.0,2349.0,14500
2017-02-03,1855.15185546875,2232.0,2299.0,2222.0,2247.0,12200
2017-02-06,1861.8011474609375,2240.0,2240.0,2213.0,2230.0,11700
2017-02-07,1850.996337890625,2227.0,2260.0,2225.0,2240.0,10900
2017-02-08,1864.2947998046875,2243.0,2243.0,2202.0,2227.0,8900
2017-02-09,1886.736083984375,2270.0,2281.0,2231.0,2252.0,10400
2017-02-10,1914.1646728515625,2303.0,2309.0,2259.0,2265.0,15000
2017-02-13,1972.345703125,2373.0,2376.0,2305.0,2311.0,14400
2017-02-14,1964.0335693359375,2363.0,2373.0,2351.0,2373.0,20900
2017-02-15,1961.5406494140625,2360.0,2363.0,2349.0,2363.0,11100
2017-02-16,1980.6572265625,2383.0,2438.0,2345.0,2360.0,18100
2017-02-17,1969.021240234375,2369.0,2383.0,2300.0,2377.0,9400
2017-02-20,1977.3326416015625,2379.0,2387.0,2351.0,2386.0,6700
2017-02-21,1990.6309814453125,2395.0,2395.0,2360.0,2379.0,11400
2017-02-22,1973.1768798828125,2374.0,2396.0,2356.0,2390.0,10200
2017-02-23,2018.0594482421875,2428.0,2428.0,2354.0,2398.0,10500
2017-02-24,2034.6826171875,2448.0,2461.0,2400.0,2400.0,18800
2017-02-27,2024.70849609375,2436.0,2460.0,2424.0,2448.0,27500
2017-02-28,2043.824951171875,2459.0,2494.0,2421.0,2436.0,29100
2017-03-01,2040.501220703125,2455.0,2472.0,2398.0,2452.0,30300
2017-03-02,2075.40966796875,2497.0,2505.0,2472.0,2490.0,18900
2017-03-03,2066.26708984375,2486.0,2503.0,2480.0,2497.0,13200
2017-03-06,2084.552734375,2508.0,2514.0,2485.0,2485.0,20800
2017-03-07,2074.578125,2496.0,2503.0,2473.0,2495.0,15200
2017-03-08,2058.78662109375,2477.0,2497.0,2471.0,2485.0,19300
2017-03-09,2075.40966796875,2497.0,2507.0,2440.0,2485.0,19000
2017-03-10,2087.0458984375,2511.0,2520.0,2480.0,2497.0,31600
2017-03-13,2091.201416015625,2516.0,2520.0,2493.0,2500.0,24400
2017-03-14,2096.1884765625,2522.0,2522.0,2490.0,2516.0,9700
2017-03-15,2089.5390625,2514.0,2525.0,2508.0,2522.0,10800
2017-03-16,2105.3310546875,2533.0,2534.0,2496.0,2500.0,21500
2017-03-17,2105.3310546875,2533.0,2710.0,2493.0,2549.0,44000
2017-03-21,2121.954833984375,2553.0,2615.0,2530.0,2590.0,32800
2017-03-22,2106.993408203125,2535.0,2585.0,2519.0,2533.0,33500
2017-03-23,2113.64306640625,2543.0,2545.0,2507.0,2545.0,106700
2017-03-24,2135.253173828125,2569.0,2580.0,2528.0,2562.0,57900
2017-03-27,2126.1103515625,2558.0,2564.0,2535.0,2559.0,111000
2017-03-28,2147.720458984375,2584.0,2586.0,2557.0,2557.0,119000
2017-03-29,2196.9501953125,2633.0,2633.0,2575.0,2586.0,56000
2017-03-30,2168.579833984375,2599.0,2635.0,2591.0,2631.0,18900
2017-03-31,2135.205322265625,2559.0,2608.0,2559.0,2592.0,25700
2017-04-03,2135.205322265625,2559.0,2573.0,2545.0,2557.0,17700
2017-04-04,2104.332275390625,2522.0,2564.0,2506.0,2559.0,19100
2017-04-05,2124.357666015625,2546.0,2555.0,2507.0,2510.0,17100
2017-04-06,2115.17919921875,2535.0,2555.0,2518.0,2546.0,19500
2017-04-07,2122.6884765625,2544.0,2590.0,2541.0,2560.0,16100
2017-04-10,2147.720703125,2574.0,2600.0,2550.0,2550.0,14200
2017-04-11,2079.300537109375,2492.0,2579.0,2492.0,2579.0,16000
2017-04-12,2100.160400390625,2517.0,2550.0,2477.0,2489.0,18400
2017-04-13,2075.128173828125,2487.0,2514.0,2468.0,2501.0,12400
2017-04-14,2084.30712890625,2498.0,2509.0,2476.0,2500.0,11500
2017-04-17,2095.154052734375,2511.0,2515.0,2474.0,2474.0,12400
2017-04-18,2120.185791015625,2541.0,2550.0,2495.0,2511.0,19700
2017-04-19,2128.52978515625,2551.0,2569.0,2536.0,2536.0,10900
2017-04-20,2124.357666015625,2546.0,2564.0,2531.0,2551.0,13700
2017-04-21,2130.1982421875,2553.0,2560.0,2548.0,2548.0,5900
2017-04-24,2139.376708984375,2564.0,2579.0,2549.0,2577.0,9800
2017-04-25,2142.71435546875,2568.0,2594.0,2565.0,2581.0,17900
2017-04-26,2133.5361328125,2557.0,2570.0,2544.0,2570.0,11100
2017-04-27,2114.345703125,2534.0,2540.0,2508.0,2533.0,15400
2017-04-28,2127.6953125,2550.0,2558.0,2521.0,2556.0,31900
2017-05-01,2191.94384765625,2627.0,2627.0,2530.0,2530.0,14900
2017-05-02,2201.955810546875,2639.0,2670.0,2613.0,2627.0,25100
2017-05-08,2397.203369140625,2873.0,2884.0,2639.0,2641.0,60000
2017-05-09,2398.872314453125,2875.0,2898.0,2820.0,2823.0,45200
2017-05-10,2359.656005859375,2828.0,2862.0,2811.0,2834.0,20100
2017-05-11,2362.9931640625,2832.0,2870.0,2812.0,2857.0,20000
2017-05-12,2347.140380859375,2813.0,2815.0,2766.0,2801.0,12800
2017-05-15,2383.85302734375,2857.0,2872.0,2746.0,2810.0,19100
2017-05-16,2393.86572265625,2869.0,2886.0,2844.0,2851.0,16600
2017-05-17,2371.337158203125,2842.0,2853.0,2826.0,2838.0,8200
2017-05-18,2352.14599609375,2819.0,2843.0,2774.0,2814.0,18600
2017-05-19,2317.936279296875,2778.0,2819.0,2778.0,2796.0,9700
2017-05-22,2319.60546875,2780.0,2800.0,2767.0,2778.0,4800
2017-05-23,2317.10205078125,2777.0,2787.0,2761.0,2767.0,15500
2017-05-24,2328.783203125,2791.0,2800.0,2775.0,2800.0,16300
2017-05-25,2315.432861328125,2775.0,2799.0,2775.0,2799.0,6100
2017-05-26,2247.01318359375,2693.0,2770.0,2685.0,2770.0,17200
2017-05-29,2250.350830078125,2697.0,2720.0,2685.0,2686.0,13600
2017-05-30,2250.350830078125,2697.0,2709.0,2682.0,2697.0,9200
2017-05-31,2206.96240234375,2645.0,2698.0,2636.0,2693.0,21500
2017-06-01,2205.2939453125,2643.0,2661.0,2601.0,2647.0,18600
2017-06-02,2257.026123046875,2705.0,2725.0,2653.0,2657.0,56100
2017-06-05,2247.01318359375,2693.0,2707.0,2675.0,2705.0,18500
2017-06-06,2207.79736328125,2646.0,2693.0,2646.0,2693.0,18300
2017-06-07,2223.650390625,2665.0,2681.0,2646.0,2673.0,16900
2017-06-08,2191.94384765625,2627.0,2672.0,2626.0,2672.0,15400
2017-06-09,2173.586669921875,2605.0,2617.0,2592.0,2608.0,16500
2017-06-12,2171.91845703125,2603.0,2610.0,2587.0,2600.0,12000
2017-06-13,2164.40869140625,2594.0,2613.0,2593.0,2597.0,8700
2017-06-14,2147.720703125,2574.0,2600.0,2572.0,2587.0,11800
2017-06-15,2131.032958984375,2554.0,2589.0,2551.0,2563.0,11800
2017-06-16,2146.052001953125,2572.0,2579.0,2554.0,2554.0,9100
2017-06-19,2156.89892578125,2585.0,2638.0,2570.0,2570.0,17100
2017-06-20,2171.08349609375,2602.0,2629.0,2602.0,2605.0,22500
2017-06-21,2119.351806640625,2540.0,2601.0,2534.0,2600.0,42000
2017-06-22,2100.160400390625,2517.0,2550.0,2506.0,2540.0,33400
2017-06-23,2113.51025390625,2533.0,2548.0,2515.0,2517.0,10600
2017-06-26,2116.848388671875,2537.0,2560.0,2524.0,2524.0,14900
2017-06-27,2136.039306640625,2560.0,2572.0,2541.0,2541.0,9600
2017-06-28,2154.3955078125,2582.0,2582.0,2538.0,2550.0,18100
2017-06-29,2121.854736328125,2543.0,2582.0,2531.0,2580.0,16000
2017-06-30,2101.829345703125,2519.0,2531.0,2497.0,2531.0,24200
2017-07-03,2094.319580078125,2510.0,2531.0,2509.0,2520.0,14000
2017-07-04,2094.319580078125,2510.0,2527.0,2505.0,2515.0,10900
2017-07-05,2108.504150390625,2527.0,2534.0,2508.0,2508.0,10800
2017-07-06,2102.6630859375,2520.0,2545.0,2515.0,2527.0,5600
2017-07-07,2100.160400390625,2517.0,2525.0,2512.0,2520.0,9900
2017-07-10,2103.498291015625,2521.0,2537.0,2513.0,2517.0,13100
2017-07-11,2143.548828125,2569.0,2595.0,2521.0,2521.0,31500
2017-07-12,2185.268310546875,2619.0,2631.0,2558.0,2558.0,27100
2017-07-13,2151.05810546875,2578.0,2635.0,2563.0,2633.0,20500
2017-07-14,2161.905517578125,2591.0,2607.0,2574.0,2577.0,8000
2017-07-17,2161.905517578125,2591.0,2591.0,2591.0,2591.0,0
2017-07-18,2136.039306640625,2560.0,2604.0,2532.0,2591.0,12600
2017-07-19,2131.8671875,2555.0,2566.0,2534.0,2560.0,15400
2017-07-20,2144.38330078125,2570.0,2581.0,2557.0,2557.0,6400
2017-07-21,2133.5361328125,2557.0,2561.0,2550.0,2551.0,5700
2017-07-24,2144.38330078125,2570.0,2576.0,2540.0,2550.0,13600
2017-07-25,2140.210693359375,2565.0,2576.0,2560.0,2571.0,15400
2017-07-26,2141.045654296875,2566.0,2589.0,2546.0,2556.0,7900
2017-07-27,2142.71435546875,2568.0,2585.0,2547.0,2549.0,11400
2017-07-28,2151.05810546875,2578.0,2578.0,2533.0,2551.0,17100
2017-07-31,1961.6514892578125,2351.0,2421.0,2326.0,2350.0,98200
2017-08-01,2006.70849609375,2405.0,2418.0,2363.0,2363.0,21800
2017-08-02,2011.715087890625,2411.0,2442.0,2407.0,2442.0,13200
2017-08-03,2067.619140625,2478.0,2483.0,2409.0,2411.0,17500
2017-08-04,2067.619140625,2478.0,2481.0,2437.0,2467.0,9600
2017-08-07,2065.115966796875,2475.0,2512.0,2440.0,2478.0,24000
2017-08-08,2048.428466796875,2455.0,2482.0,2436.0,2476.0,13200
2017-08-09,2032.5743408203125,2436.0,2456.0,2416.0,2455.0,12200
2017-08-10,2042.5872802734375,2448.0,2448.0,2420.0,2420.0,13100
2017-08-11,2042.5872802734375,2448.0,2448.0,2448.0,2448.0,0
2017-08-14,2059.275146484375,2468.0,2493.0,2423.0,2438.0,21900
2017-08-15,2078.46630859375,2491.0,2503.0,2457.0,2471.0,15700
2017-08-16,2076.797119140625,2489.0,2500.0,2475.0,2491.0,8700
2017-08-17,2078.46630859375,2491.0,2501.0,2481.0,2500.0,7200
2017-08-18,2044.25634765625,2450.0,2491.0,2445.0,2491.0,13900
2017-08-21,2055.937744140625,2464.0,2477.0,2452.0,2477.0,5500
2017-08-22,2070.95654296875,2482.0,2484.0,2449.0,2468.0,11500
2017-08-23,2085.97607421875,2500.0,2531.0,2485.0,2491.0,23800
2017-08-24,2086.810302734375,2501.0,2509.0,2493.0,2500.0,20600
2017-08-25,2097.65673828125,2514.0,2533.0,2492.0,2502.0,13300
2017-08-28,2090.147705078125,2505.0,2514.0,2494.0,2500.0,9100
2017-08-29,2090.147705078125,2505.0,2511.0,2485.0,2505.0,14100
2017-08-30,2115.17919921875,2535.0,2561.0,2505.0,2505.0,17200
2017-08-31,2114.345703125,2534.0,2556.0,2509.0,2535.0,14600
2017-09-01,2101.829345703125,2519.0,2550.0,2511.0,2529.0,8300
2017-09-04,2079.300537109375,2492.0,2514.0,2473.0,2510.0,12600
2017-09-05,2035.9124755859375,2440.0,2481.0,2433.0,2478.0,10500
2017-09-06,2055.103271484375,2463.0,2475.0,2433.0,2443.0,8400
2017-09-07,2092.651123046875,2508.0,2519.0,2460.0,2460.0,7100
2017-09-08,2106.835693359375,2525.0,2567.0,2502.0,2520.0,29400
2017-09-11,2144.38330078125,2570.0,2570.0,2541.0,2548.0,13000
2017-09-12,2140.210693359375,2565.0,2580.0,2539.0,2570.0,10200
2017-09-13,2185.268310546875,2619.0,2632.0,2584.0,2584.0,8200
2017-09-14,2161.905517578125,2591.0,2631.0,2581.0,2617.0,14400
2017-09-15,2239.504150390625,2684.0,2684.0,2580.0,2580.0,15400
2017-09-18,2239.504150390625,2684.0,2684.0,2684.0,2684.0,0
2017-09-19,2250.350830078125,2697.0,2699.0,2662.0,2683.0,14700
2017-09-20,2231.159423828125,2674.0,2691.0,2657.0,2691.0,20200
2017-09-21,2216.140380859375,2656.0,2674.0,2651.0,2661.0,8200
2017-09-22,2194.447021484375,2630.0,2660.0,2612.0,2659.0,11000
2017-09-25,2209.4658203125,2648.0,2659.0,2621.0,2657.0,12300
2017-09-26,2209.4658203125,2648.0,2673.0,2617.0,2630.0,21000
2017-09-27,2344.311767578125,2799.0,2799.0,2601.0,2638.0,27900
2017-09-28,2329.23583984375,2781.0,2817.0,2757.0,2799.0,28500
2017-09-29,2281.4951171875,2724.0,2777.0,2698.0,2777.0,11100
2017-10-02,2284.007568359375,2727.0,2769.0,2710.0,2769.0,7600
2017-10-03,2240.45556640625,2675.0,2749.0,2657.0,2723.0,7200
2017-10-04,2220.353515625,2651.0,2683.0,2614.0,2680.0,10700
2017-10-05,2226.216552734375,2658.0,2672.0,2624.0,2646.0,3800
2017-10-06,2160.8876953125,2580.0,2656.0,2578.0,2641.0,15000
2017-10-09,2160.8876953125,2580.0,2580.0,2580.0,2580.0,0
2017-10-10,2175.964111328125,2598.0,2620.0,2587.0,2596.0,11700
2017-10-11,2150.8369140625,2568.0,2600.0,2558.0,2598.0,13200
2017-10-12,2173.451416015625,2595.0,2600.0,2559.0,2568.0,7100
2017-10-13,2175.1259765625,2597.0,2661.0,2585.0,2585.0,22500
2017-10-16,2179.313720703125,2602.0,2629.0,2592.0,2597.0,12100
2017-10-17,2181.826416015625,2605.0,2617.0,2580.0,2601.0,6100
2017-10-18,2180.1513671875,2603.0,2603.0,2587.0,2600.0,5400
2017-10-19,2176.80029296875,2599.0,2601.0,2581.0,2581.0,5600
2017-10-20,2166.75048828125,2587.0,2619.0,2585.0,2602.0,10300
2017-10-23,2229.566650390625,2662.0,2675.0,2630.0,2633.0,18500
2017-10-24,2227.891357421875,2660.0,2669.0,2651.0,2651.0,11200
2017-10-25,2219.51611328125,2650.0,2670.0,2641.0,2661.0,18000
2017-10-26,2198.57763671875,2625.0,2663.0,2616.0,2650.0,5400
2017-10-27,2236.26708984375,2670.0,2699.0,2623.0,2625.0,17200
2017-10-30,2175.964111328125,2598.0,2627.0,2572.0,2620.0,39100
2017-10-31,2207.790283203125,2636.0,2642.0,2605.0,2605.0,7300
2017-11-01,2199.41455078125,2626.0,2636.0,2606.0,2633.0,14400
2017-11-02,2159.21240234375,2578.0,2613.0,2573.0,2613.0,9000
2017-11-03,2159.21240234375,2578.0,2578.0,2578.0,2578.0,0
2017-11-06,2144.974365234375,2561.0,2595.0,2474.0,2595.0,18600
2017-11-07,2177.638671875,2600.0,2600.0,2542.0,2561.0,9400
2017-11-08,2190.2021484375,2615.0,2621.0,2551.0,2588.0,9200
2017-11-09,2156.699462890625,2575.0,2619.0,2532.0,2609.0,17000
2017-11-10,2165.075439453125,2585.0,2663.0,2564.0,2574.0,32300
2017-11-13,2141.62353515625,2557.0,2600.0,2544.0,2600.0,16100
2017-11-14,2121.52197265625,2533.0,2578.0,2532.0,2552.0,14600
2017-11-15,2126.54736328125,2539.0,2558.0,2530.0,2533.0,16400
2017-11-16,2140.7861328125,2556.0,2565.0,2534.0,2539.0,8200
2017-11-17,2120.684814453125,2532.0,2565.0,2524.0,2550.0,22100
2017-11-20,2108.95947265625,2518.0,2556.0,2512.0,2532.0,11900
2017-11-21,2135.7607421875,2550.0,2561.0,2506.0,2508.0,13200
2017-11-22,2152.511962890625,2570.0,2575.0,2543.0,2543.0,6200
2017-11-23,2152.511962890625,2570.0,2570.0,2570.0,2570.0,0
2017-11-24,2140.7861328125,2556.0,2583.0,2554.0,2554.0,6200
2017-11-27,2186.01416015625,2610.0,2629.0,2585.0,2585.0,14900
2017-11-28,2180.1513671875,2603.0,2626.0,2568.0,2610.0,18600
2017-11-29,2177.638671875,2600.0,2643.0,2594.0,2630.0,10800
2017-11-30,2113.984619140625,2524.0,2589.0,2524.0,2577.0,30400
2017-12-01,2140.7861328125,2556.0,2571.0,2550.0,2550.0,6800
2017-12-04,2132.410400390625,2546.0,2565.0,2538.0,2553.0,8600
2017-12-05,2160.05029296875,2579.0,2582.0,2538.0,2552.0,9900
2017-12-06,2146.649169921875,2563.0,2578.0,2549.0,2549.0,10200
2017-12-07,2253.01806640625,2690.0,2694.0,2577.0,2579.0,21600
2017-12-08,2299.083740234375,2745.0,2753.0,2663.0,2663.0,29600
2017-12-11,2298.246337890625,2744.0,2751.0,2720.0,2750.0,12400
2017-12-12,2323.37255859375,2774.0,2774.0,2740.0,2740.0,12100
2017-12-13,2372.78857421875,2833.0,2895.0,2752.0,2774.0,67100
2017-12-14,2339.28564453125,2793.0,2839.0,2773.0,2834.0,18600
2017-12-15,2293.220703125,2738.0,2788.0,2731.0,2787.0,20100
2017-12-18,2249.66796875,2686.0,2740.0,2678.0,2738.0,14500
2017-12-19,2250.50537109375,2687.0,2706.0,2677.0,2700.0,9500
2017-12-20,2263.90673828125,2703.0,2710.0,2689.0,2689.0,5200
2017-12-21,2284.844970703125,2728.0,2742.0,2701.0,2701.0,19700
2017-12-22,2269.769775390625,2710.0,2730.0,2688.0,2721.0,24100
2017-12-25,2280.65771484375,2723.0,2734.0,2706.0,2714.0,6100
2017-12-26,2226.216552734375,2658.0,2724.0,2656.0,2723.0,10800
2017-12-27,2217.84130859375,2648.0,2662.0,2640.0,2651.0,22600
2017-12-28,2218.678466796875,2649.0,2689.0,2626.0,2648.0,26000
2017-12-29,2209.465576171875,2638.0,2659.0,2637.0,2649.0,13500
2018-01-01,2209.465576171875,2638.0,2638.0,2638.0,2638.0,0
2018-01-02,2209.465576171875,2638.0,2638.0,2638.0,2638.0,0
2018-01-03,2209.465576171875,2638.0,2638.0,2638.0,2638.0,0
2018-01-04,2190.2021484375,2615.0,2670.0,2590.0,2637.0,21800
2018-01-05,2152.511962890625,2570.0,2614.0,2565.0,2614.0,21800
2018-01-08,2152.511962890625,2570.0,2570.0,2570.0,2570.0,0
2018-01-09,2173.451416015625,2595.0,2596.0,2564.0,2585.0,11400
2018-01-10,2219.51611328125,2650.0,2684.0,2602.0,2610.0,25200
2018-01-11,2218.678466796875,2649.0,2651.0,2637.0,2650.0,7800
2018-01-12,2214.490966796875,2644.0,2675.0,2631.0,2640.0,16000
2018-01-15,2237.942138671875,2672.0,2683.0,2645.0,2645.0,6200
2018-01-16,2263.90673828125,2703.0,2723.0,2672.0,2680.0,12300
2018-01-17,2242.9677734375,2678.0,2701.0,2676.0,2681.0,7300
2018-01-18,2250.50537109375,2687.0,2712.0,2687.0,2705.0,10200
2018-01-19,2251.343994140625,2688.0,2699.0,2680.0,2687.0,6300
2018-01-22,2253.856201171875,2691.0,2700.0,2685.0,2685.0,6600
2018-01-23,2241.29296875,2676.0,2691.0,2661.0,2691.0,8600
2018-01-24,2256.36865234375,2694.0,2705.0,2683.0,2688.0,6600
2018-01-25,2225.379150390625,2657.0,2694.0,2657.0,2694.0,8700
2018-01-26,2237.942138671875,2672.0,2718.0,2639.0,2650.0,14100
2018-01-29,2237.942138671875,2672.0,2700.0,2670.0,2694.0,7600
2018-01-30,2186.01416015625,2610.0,2689.0,2610.0,2672.0,14500
2018-01-31,2170.1005859375,2591.0,2646.0,2578.0,2610.0,16500
2018-02-01,2211.978515625,2641.0,2650.0,2599.0,2599.0,8600
2018-02-02,2198.57763671875,2625.0,2650.0,2610.0,2611.0,10400
2018-02-05,2196.064697265625,2622.0,2641.0,2587.0,2600.0,18400
2018-02-06,2139.111572265625,2554.0,2586.0,2517.0,2586.0,29500
2018-02-07,2145.8115234375,2562.0,2658.0,2561.0,2561.0,18100
2018-02-08,2199.41455078125,2626.0,2668.0,2592.0,2592.0,32700
2018-02-09,2231.242431640625,2664.0,2670.0,2577.0,2599.0,17500
2018-02-12,2231.242431640625,2664.0,2664.0,2664.0,2664.0,0
2018-02-13,2295.73388671875,2741.0,2768.0,2678.0,2691.0,30900
2018-02-14,2289.032958984375,2733.0,2770.0,2702.0,2715.0,19000
2018-02-15,2308.297119140625,2756.0,2776.0,2723.0,2776.0,30500
2018-02-16,2325.047607421875,2776.0,2789.0,2764.0,2777.0,43000
2018-02-19,2318.347412109375,2768.0,2789.0,2729.0,2780.0,26500
2018-02-20,2313.322021484375,2762.0,2776.0,2741.0,2770.0,22400
2018-02-21,2315.83544921875,2765.0,2794.0,2736.0,2763.0,25000
2018-02-22,2304.946533203125,2752.0,2754.0,2712.0,2726.0,24400
2018-02-23,2298.246337890625,2744.0,2765.0,2729.0,2765.0,8700
2018-02-26,2299.921142578125,2746.0,2761.0,2734.0,2750.0,16400
2018-02-27,2338.44873046875,2792.0,2812.0,2728.0,2755.0,56800
2018-02-28,2279.820068359375,2722.0,2802.0,2722.0,2792.0,15100
2018-03-01,2255.531005859375,2693.0,2763.0,2684.0,2735.0,19600
2018-03-02,2265.58203125,2705.0,2717.0,2665.0,2666.0,19200
2018-03-05,2302.434326171875,2749.0,2756.0,2706.0,2706.0,19200
2018-03-06,2274.794677734375,2716.0,2766.0,2705.0,2739.0,20100
2018-03-07,2302.434326171875,2749.0,2773.0,2731.0,2732.0,16800
2018-03-08,2237.104736328125,2671.0,2749.0,2656.0,2749.0,36500
2018-03-09,2250.50537109375,2687.0,2703.0,2660.0,2671.0,34400
2018-03-12,2289.87109375,2734.0,2734.0,2683.0,2691.0,28500
2018-03-13,2305.7841796875,2753.0,2756.0,2726.0,2733.0,30400
2018-03-14,2297.40869140625,2743.0,2758.0,2678.0,2732.0,34100
2018-03-15,2278.98291015625,2721.0,2736.0,2703.0,2726.0,20800
2018-03-16,2307.45947265625,2755.0,2756.0,2721.0,2721.0,25700
2018-03-19,2278.98291015625,2721.0,2751.0,2701.0,2750.0,48100
2018-03-20,2274.794677734375,2716.0,2721.0,2699.0,2721.0,21600
2018-03-21,2274.794677734375,2716.0,2716.0,2716.0,2716.0,0
2018-03-22,2268.931396484375,2709.0,2757.0,2695.0,2756.0,60500
2018-03-23,2183.50146484375,2607.0,2694.0,2602.0,2685.0,84100
2018-03-26,2248.83056640625,2685.0,2686.0,2611.0,2624.0,100400
2018-03-27,2232.9169921875,2666.0,2699.0,2633.0,2699.0,144400
2018-03-28,2252.326171875,2669.0,2670.0,2614.0,2639.0,39100
2018-03-29,2214.3515625,2624.0,2681.0,2603.0,2681.0,19300
2018-03-30,2205.06884765625,2613.0,2634.0,2606.0,2624.0,12800
2018-04-02,2197.473876953125,2604.0,2620.0,2604.0,2613.0,9600
2018-04-03,2184.815673828125,2589.0,2607.0,2571.0,2595.0,10800
2018-04-04,2223.63427734375,2635.0,2639.0,2591.0,2600.0,20300
2018-04-05,2239.66796875,2654.0,2662.0,2633.0,2635.0,11000
2018-04-06,2243.887451171875,2659.0,2663.0,2637.0,2652.0,10900
2018-04-09,2291.145263671875,2715.0,2715.0,2664.0,2666.0,19900
2018-04-10,2307.17919921875,2734.0,2748.0,2697.0,2710.0,23600
2018-04-11,2259.92138671875,2678.0,2733.0,2657.0,2733.0,10400
2018-04-12,2248.10693359375,2664.0,2681.0,2651.0,2658.0,12000
2018-04-13,2265.828369140625,2685.0,2690.0,2666.0,2678.0,7000
2018-04-16,2281.86181640625,2704.0,2711.0,2685.0,2685.0,6000
2018-04-17,2299.583740234375,2725.0,2766.0,2704.0,2704.0,16400
2018-04-18,2316.461669921875,2745.0,2754.0,2719.0,2719.0,14500
2018-04-19,2330.807373046875,2762.0,2768.0,2740.0,2754.0,17600
2018-04-20,2329.1201171875,2760.0,2772.0,2733.0,2762.0,16300
2018-04-23,2318.99267578125,2748.0,2762.0,2728.0,2762.0,7100
2018-04-24,2332.495361328125,2764.0,2770.0,2731.0,2754.0,24500
2018-04-25,2328.27587890625,2759.0,2769.0,2742.0,2764.0,19900
2018-04-26,2310.55419921875,2738.0,2768.0,2723.0,2768.0,11900
2018-04-27,2312.241943359375,2740.0,2768.0,2724.0,2768.0,16400
2018-04-30,2312.241943359375,2740.0,2740.0,2740.0,2740.0,0
2018-05-01,2351.904541015625,2787.0,2796.0,2755.0,2760.0,30800
2018-05-02,2366.25048828125,2804.0,2812.0,2782.0,2810.0,15500
2018-05-03,2366.25048828125,2804.0,2804.0,2804.0,2804.0,0
2018-05-04,2366.25048828125,2804.0,2804.0,2804.0,2804.0,0
2018-05-07,2314.77392578125,2743.0,2794.0,2730.0,2794.0,12800
2018-05-08,2300.42822265625,2726.0,2752.0,2714.0,2748.0,10100
2018-05-09,2298.739990234375,2724.0,2743.0,2705.0,2711.0,10700
2018-05-10,2302.95947265625,2729.0,2741.0,2709.0,2711.0,7600
2018-05-11,2361.1875,2798.0,2832.0,2727.0,2735.0,80300
2018-05-14,2404.225341796875,2849.0,2859.0,2803.0,2840.0,55700
2018-05-15,2420.259521484375,2868.0,2880.0,2842.0,2850.0,43800
2018-05-16,2411.820556640625,2858.0,2899.0,2856.0,2890.0,18800
2018-05-17,2389.879150390625,2832.0,2874.0,2812.0,2874.0,17200
2018-05-18,2371.31396484375,2810.0,2836.0,2807.0,2836.0,10400
2018-05-21,2375.533935546875,2815.0,2818.0,2805.0,2810.0,17100
2018-05-22,2308.022705078125,2735.0,2816.0,2731.0,2816.0,20100
2018-05-23,2330.807373046875,2762.0,2777.0,2743.0,2754.0,13900
2018-05-24,2312.241943359375,2740.0,2783.0,2730.0,2781.0,13400
2018-05-25,2305.49072265625,2732.0,2768.0,2731.0,2768.0,8800
2018-05-28,2311.3984375,2739.0,2748.0,2720.0,2747.0,7600
2018-05-29,2307.17919921875,2734.0,2750.0,2711.0,2750.0,6900
2018-05-30,2292.832275390625,2717.0,2728.0,2700.0,2710.0,10100
2018-05-31,2300.42822265625,2726.0,2739.0,2715.0,2724.0,20200
2018-06-01,2321.524658203125,2751.0,2754.0,2705.0,2725.0,15500
2018-06-04,2305.49072265625,2732.0,2779.0,2730.0,2779.0,15100
2018-06-05,2297.0517578125,2722.0,2736.0,2706.0,2732.0,12900
2018-06-06,2304.64697265625,2731.0,2736.0,2702.0,2709.0,6000
2018-06-07,2296.208740234375,2721.0,2737.0,2713.0,2720.0,11300
2018-06-08,2310.55419921875,2738.0,2743.0,2721.0,2721.0,16000
2018-06-11,2291.145263671875,2715.0,2738.0,2715.0,2738.0,5400
2018-06-12,2301.271484375,2727.0,2737.0,2714.0,2737.0,7800
2018-06-13,2307.17919921875,2734.0,2740.0,2714.0,2714.0,16300
2018-06-14,2286.081298828125,2709.0,2734.0,2697.0,2734.0,11300
2018-06-15,2295.364501953125,2720.0,2731.0,2702.0,2730.0,15800
2018-06-18,2286.081298828125,2709.0,2738.0,2695.0,2738.0,6900
2018-06-19,2281.86181640625,2704.0,2724.0,2697.0,2724.0,7500
2018-06-20,2283.550048828125,2706.0,2717.0,2682.0,2713.0,14100
2018-06-21,2265.828369140625,2685.0,2701.0,2680.0,2700.0,5700
2018-06-22,2284.393798828125,2707.0,2716.0,2682.0,2685.0,9000
2018-06-25,2202.537353515625,2610.0,2707.0,2595.0,2707.0,13700
2018-06-26,2186.50341796875,2591.0,2621.0,2583.0,2610.0,7600
2018-06-27,2273.42333984375,2694.0,2719.0,2585.0,2585.0,23100
2018-06-28,2286.926025390625,2710.0,2735.0,2635.0,2694.0,21600
2018-06-29,2281.86181640625,2704.0,2710.0,2641.0,2687.0,12000
2018-07-02,2264.140869140625,2683.0,2761.0,2667.0,2732.0,15800
2018-07-03,2248.951171875,2665.0,2710.0,2614.0,2683.0,15800
2018-07-04,2199.16162109375,2606.0,2639.0,2595.0,2639.0,10300
2018-07-05,2198.318359375,2605.0,2621.0,2579.0,2596.0,11900
2018-07-06,2214.3515625,2624.0,2624.0,2596.0,2605.0,11800
2018-07-09,2194.942138671875,2601.0,2617.0,2589.0,2602.0,7200
2018-07-10,2194.098388671875,2600.0,2627.0,2600.0,2605.0,10200
2018-07-11,2181.440185546875,2585.0,2599.0,2574.0,2581.0,6400
2018-07-12,2212.663818359375,2622.0,2648.0,2598.0,2598.0,9100
2018-07-13,2268.360595703125,2688.0,2692.0,2615.0,2641.0,9200
2018-07-16,2268.360595703125,2688.0,2688.0,2688.0,2688.0,0
2018-07-17,2257.389892578125,2675.0,2709.0,2661.0,2692.0,12100
2018-07-18,2281.86181640625,2704.0,2715.0,2692.0,2703.0,11000
2018-07-19,2283.550048828125,2706.0,2720.0,2705.0,2705.0,5200
2018-07-20,2291.145263671875,2715.0,2725.0,2701.0,2720.0,8800
2018-07-23,2281.018310546875,2703.0,2735.0,2703.0,2715.0,8900
2018-07-24,2282.706298828125,2705.0,2727.0,2694.0,2708.0,7100
2018-07-25,2289.457275390625,2713.0,2722.0,2677.0,2706.0,12500
2018-07-26,2295.364501953125,2720.0,2741.0,2710.0,2741.0,10600
2018-07-27,2308.866943359375,2736.0,2748.0,2725.0,2738.0,16400
2018-07-30,2291.98876953125,2716.0,2736.0,2701.0,2727.0,12700
2018-07-31,2286.926025390625,2710.0,2733.0,2691.0,2716.0,10300
2018-08-01,2286.926025390625,2710.0,2719.0,2694.0,2710.0,9000
2018-08-02,2282.706298828125,2705.0,2737.0,2693.0,2726.0,12500
2018-08-03,2254.85791015625,2672.0,2718.0,2651.0,2706.0,13700
2018-08-06,2198.318359375,2605.0,2643.0,2587.0,2600.0,30700
2018-08-07,2194.098388671875,2600.0,2613.0,2593.0,2605.0,9900
2018-08-08,2197.473876953125,2604.0,2641.0,2597.0,2608.0,14200
2018-08-09,2191.56689453125,2597.0,2604.0,2576.0,2604.0,11000
2018-08-10,2171.313232421875,2573.0,2600.0,2563.0,2597.0,9000
2018-08-13,2115.616943359375,2507.0,2545.0,2506.0,2544.0,14000
2018-08-14,2129.119140625,2523.0,2532.0,2507.0,2520.0,10200
2018-08-15,2101.271240234375,2490.0,2511.0,2490.0,2502.0,12200
2018-08-16,2046.4188232421875,2425.0,2480.0,2414.0,2480.0,13000
2018-08-17,2041.3553466796875,2419.0,2427.0,2415.0,2420.0,3300
2018-08-20,2038.8236083984375,2416.0,2429.0,2400.0,2419.0,12000
2018-08-21,2018.570556640625,2392.0,2430.0,2390.0,2425.0,13100
2018-08-22,2050.638427734375,2430.0,2437.0,2392.0,2392.0,7300
2018-08-23,2051.48193359375,2431.0,2443.0,2419.0,2440.0,10700
2018-08-24,2072.579345703125,2456.0,2468.0,2438.0,2468.0,7200
2018-08-27,2078.486328125,2463.0,2506.0,2456.0,2506.0,13000
2018-08-28,2068.359619140625,2451.0,2470.0,2450.0,2467.0,14900
2018-08-29,2067.515625,2450.0,2464.0,2440.0,2452.0,19100
2018-08-30,2078.486328125,2463.0,2469.0,2451.0,2462.0,17200
2018-08-31,2063.29638671875,2445.0,2458.0,2444.0,2458.0,8300
2018-09-03,2050.638427734375,2430.0,2453.0,2425.0,2450.0,9000
2018-09-04,2047.262451171875,2426.0,2440.0,2405.0,2435.0,11300
2018-09-05,2032.916748046875,2409.0,2442.0,2395.0,2426.0,16500
2018-09-06,2022.7896728515625,2397.0,2408.0,2389.0,2408.0,7500
2018-09-07,2030.3846435546875,2406.0,2414.0,2395.0,2397.0,10000
2018-09-10,2043.88720703125,2422.0,2432.0,2404.0,2405.0,9900
2018-09-11,2039.6676025390625,2417.0,2422.0,2410.0,2416.0,6300
2018-09-12,2039.6676025390625,2417.0,2418.0,2390.0,2416.0,12400
2018-09-13,2037.135498046875,2414.0,2433.0,2396.0,2396.0,11300
2018-09-14,2057.38916015625,2438.0,2460.0,2414.0,2414.0,34600
2018-09-17,2057.38916015625,2438.0,2438.0,2438.0,2438.0,0
2018-09-18,2066.671875,2449.0,2458.0,2434.0,2443.0,18900
2018-09-19,2145.153076171875,2542.0,2571.0,2461.0,2478.0,64400
2018-09-20,2152.748291015625,2551.0,2557.0,2526.0,2550.0,31000
2018-09-21,2135.0263671875,2530.0,2559.0,2530.0,2548.0,35300
2018-09-24,2135.0263671875,2530.0,2530.0,2530.0,2530.0,0
2018-09-25,2160.3427734375,2560.0,2580.0,2529.0,2531.0,26800
2018-09-26,2177.353515625,2560.0,2571.0,2544.0,2548.0,17300
2018-09-27,2153.5390625,2532.0,2560.0,2527.0,2560.0,17700
2018-09-28,2097.404052734375,2466.0,2511.0,2457.0,2494.0,34400
2018-10-01,2061.68212890625,2424.0,2469.0,2424.0,2467.0,16600
2018-10-02,2080.393798828125,2446.0,2452.0,2429.0,2440.0,24100
2018-10-03,2048.923828125,2409.0,2446.0,2408.0,2446.0,18300
2018-10-04,2068.485595703125,2432.0,2441.0,2417.0,2441.0,10900
2018-10-05,2088.048095703125,2455.0,2475.0,2425.0,2425.0,32700
2018-10-08,2088.048095703125,2455.0,2455.0,2455.0,2455.0,0
2018-10-09,2039.56787109375,2398.0,2476.0,2392.0,2450.0,20800
2018-10-10,2058.280029296875,2420.0,2439.0,2406.0,2424.0,24100
2018-10-11,2014.9029541015625,2369.0,2399.0,2352.0,2395.0,33300
2018-10-12,2052.325927734375,2413.0,2429.0,2368.0,2371.0,28800
2018-10-15,2040.4185791015625,2399.0,2413.0,2390.0,2400.0,26600
2018-10-16,2056.57861328125,2418.0,2431.0,2381.0,2381.0,18300
2018-10-17,2062.532470703125,2425.0,2432.0,2403.0,2418.0,22800
2018-10-18,2064.2333984375,2427.0,2438.0,2411.0,2430.0,24300
2018-10-19,2049.774169921875,2410.0,2412.0,2397.0,2402.0,11300
2018-10-22,2087.197509765625,2454.0,2470.0,2390.0,2410.0,36500
2018-10-23,2040.4185791015625,2399.0,2458.0,2387.0,2456.0,19000
2018-10-24,2065.083984375,2428.0,2443.0,2396.0,2420.0,22500
2018-10-25,2039.56787109375,2398.0,2412.0,2358.0,2410.0,29800
2018-10-26,2008.9486083984375,2362.0,2397.0,2328.0,2397.0,27400
2018-10-29,1997.891845703125,2349.0,2376.0,2347.0,2358.0,16000
2018-10-30,2038.7171630859375,2397.0,2401.0,2332.0,2348.0,29200
2018-10-31,2049.774169921875,2410.0,2421.0,2393.0,2397.0,22000
2018-11-01,2036.1658935546875,2394.0,2415.0,2387.0,2410.0,11800
2018-11-02,2059.130126953125,2421.0,2444.0,2407.0,2444.0,29500
2018-11-05,2091.450439453125,2459.0,2475.0,2408.0,2449.0,44600
2018-11-06,2079.54296875,2445.0,2468.0,2440.0,2461.0,14700
2018-11-07,2054.02734375,2415.0,2453.0,2407.0,2446.0,13600
2018-11-08,2063.382568359375,2426.0,2455.0,2424.0,2437.0,13500
2018-11-09,2059.130126953125,2421.0,2439.0,2411.0,2416.0,18100
2018-11-12,2045.5216064453125,2405.0,2443.0,2381.0,2443.0,21500
2018-11-13,1988.5361328125,2338.0,2350.0,2315.0,2350.0,24100
2018-11-14,1956.21630859375,2300.0,2338.0,2300.0,2338.0,17500
2018-11-15,1936.653564453125,2277.0,2305.0,2276.0,2300.0,17300
2018-11-16,1939.2060546875,2280.0,2290.0,2255.0,2277.0,14000
2018-11-19,1953.66455078125,2297.0,2300.0,2258.0,2280.0,8700
2018-11-20,2002.14501953125,2354.0,2354.0,2293.0,2297.0,17800
2018-11-21,1992.7890625,2343.0,2355.0,2320.0,2320.0,6200
2018-11-22,1948.5614013671875,2291.0,2343.0,2281.0,2342.0,12100
2018-11-23,1948.5614013671875,2291.0,2291.0,2291.0,2291.0,0
2018-11-26,1959.6182861328125,2304.0,2314.0,2266.0,2291.0,14400
2018-11-27,1944.3087158203125,2286.0,2318.0,2279.0,2308.0,14400
2018-11-28,1960.4683837890625,2305.0,2306.0,2274.0,2286.0,17400
2018-11-29,2020.005859375,2375.0,2378.0,2298.0,2330.0,24600
2018-11-30,2000.4434814453125,2352.0,2375.0,2334.0,2375.0,18300
2018-12-03,2000.4434814453125,2352.0,2353.0,2343.0,2352.0,6400
2018-12-04,1985.9849853515625,2335.0,2366.0,2319.0,2345.0,11900
2018-12-05,1999.593017578125,2351.0,2368.0,2311.0,2312.0,29000
2018-12-06,1935.8038330078125,2276.0,2325.0,2271.0,2322.0,27600
2018-12-07,1936.653564453125,2277.0,2290.0,2262.0,2262.0,19500
2018-12-10,1888.1739501953125,2220.0,2277.0,2215.0,2277.0,19700
2018-12-11,1850.750732421875,2176.0,2220.0,2162.0,2220.0,12200
2018-12-12,1869.46240234375,2198.0,2210.0,2170.0,2176.0,16000
2018-12-13,1885.62255859375,2217.0,2228.0,2190.0,2190.0,18300
2018-12-14,1845.6473388671875,2170.0,2195.0,2163.0,2170.0,35300
2018-12-17,1809.07421875,2127.0,2170.0,2127.0,2170.0,19100
2018-12-18,1752.939697265625,2061.0,2109.0,2061.0,2109.0,29800
2018-12-19,1743.583984375,2050.0,2062.0,2035.0,2060.0,19200
2018-12-20,1692.5521240234375,1990.0,2025.0,1970.0,2025.0,38700
2018-12-21,1701.9080810546875,2001.0,2011.0,1934.0,1950.0,64900
2018-12-24,1701.9080810546875,2001.0,2001.0,2001.0,2001.0,0
2018-12-25,1540.3076171875,1811.0,1922.0,1807.0,1921.0,37400
2018-12-26,1544.5604248046875,1816.0,1829.0,1768.0,1821.0,51400
2018-12-27,1657.6806640625,1949.0,1950.0,1880.0,1880.0,24100
2018-12-28,1689.150146484375,1986.0,1987.0,1940.0,1947.0,18300
2018-12-31,1689.150146484375,1986.0,1986.0,1986.0,1986.0,0
2019-01-04,1718.9185791015625,2021.0,2024.0,1945.0,1959.0,23200
2019-01-07,1780.156982421875,2093.0,2104.0,2036.0,2065.0,30300
2019-01-08,1810.775634765625,2129.0,2140.0,2085.0,2098.0,16700
2019-01-09,1845.6473388671875,2170.0,2183.0,2123.0,2135.0,18200
2019-01-10,1826.0855712890625,2147.0,2150.0,2111.0,2150.0,10800
2019-01-11,1817.5799560546875,2137.0,2156.0,2131.0,2137.0,11600
2019-01-15,1824.384033203125,2145.0,2156.0,2104.0,2136.0,18000
2019-01-16,1798.017822265625,2114.0,2151.0,2107.0,2140.0,20200
2019-01-17,1769.099853515625,2080.0,2123.0,2068.0,2116.0,12400
2019-01-18,1833.739990234375,2156.0,2156.0,2079.0,2079.0,20500
2019-01-21,1828.63671875,2150.0,2165.0,2132.0,2165.0,14200
2019-01-22,1836.2916259765625,2159.0,2172.0,2127.0,2170.0,10500
2019-01-23,1817.5799560546875,2137.0,2158.0,2137.0,2154.0,6500
2019-01-24,1836.2916259765625,2159.0,2172.0,2123.0,2137.0,12700
2019-01-25,1828.63671875,2150.0,2180.0,2150.0,2159.0,12600
2019-01-28,1829.487060546875,2151.0,2161.0,2138.0,2151.0,8200
2019-01-29,1827.7864990234375,2149.0,2161.0,2130.0,2134.0,14400
2019-01-30,1766.54833984375,2077.0,2149.0,2068.0,2149.0,25200
2019-01-31,1794.6156005859375,2110.0,2121.0,2072.0,2085.0,24300
2019-02-01,1798.017822265625,2114.0,2126.0,2102.0,2116.0,12600
2019-02-04,1843.095947265625,2167.0,2170.0,2107.0,2164.0,18300
2019-02-05,1854.1524658203125,2180.0,2219.0,2166.0,2166.0,18400
2019-02-06,1853.3023681640625,2179.0,2235.0,2156.0,2199.0,20300
2019-02-07,1851.601318359375,2177.0,2193.0,2158.0,2178.0,13000
2019-02-08,1833.739990234375,2156.0,2235.0,2139.0,2171.0,29200
2019-02-12,1820.13134765625,2140.0,2156.0,2118.0,2156.0,34900
2019-02-13,1819.28125,2139.0,2148.0,2110.0,2130.0,15700
2019-02-14,1798.868408203125,2115.0,2136.0,2112.0,2132.0,14000
2019-02-15,1783.5587158203125,2097.0,2113.0,2086.0,2112.0,11100
2019-02-18,1849.89990234375,2175.0,2175.0,2103.0,2103.0,13000
2019-02-19,1907.736083984375,2243.0,2257.0,2164.0,2174.0,27500
2019-02-20,1910.2874755859375,2246.0,2265.0,2219.0,2243.0,11800
2019-02-21,1877.967529296875,2208.0,2237.0,2189.0,2237.0,16100
2019-02-22,1883.0706787109375,2214.0,2218.0,2165.0,2199.0,12800
2019-02-25,1910.2874755859375,2246.0,2246.0,2210.0,2221.0,14300
2019-02-26,1923.89599609375,2262.0,2263.0,2220.0,2242.0,16200
2019-02-27,1948.5614013671875,2291.0,2298.0,2248.0,2262.0,19100
2019-02-28,1966.42236328125,2312.0,2327.0,2266.0,2291.0,19200
2019-03-01,1977.4794921875,2325.0,2331.0,2302.0,2312.0,19700
2019-03-04,1948.5614013671875,2291.0,2335.0,2265.0,2327.0,27600
2019-03-05,1895.828369140625,2229.0,2268.0,2213.0,2261.0,27000
2019-03-06,1880.5189208984375,2211.0,2239.0,2185.0,2229.0,47400
2019-03-07,1854.1524658203125,2180.0,2206.0,2162.0,2206.0,25400
2019-03-08,1792.0643310546875,2107.0,2147.0,2106.0,2147.0,35500
2019-03-11,1752.939697265625,2061.0,2114.0,2055.0,2109.0,37800
2019-03-12,1843.095947265625,2167.0,2180.0,2114.0,2114.0,15000
2019-03-13,1858.4053955078125,2185.0,2187.0,2159.0,2179.0,24100
2019-03-14,1832.8897705078125,2155.0,2202.0,2155.0,2192.0,18600
2019-03-15,1879.6688232421875,2210.0,2218.0,2151.0,2151.0,33500
2019-03-18,1937.5047607421875,2278.0,2280.0,2231.0,2235.0,81200
2019-03-19,1925.5970458984375,2264.0,2286.0,2260.0,2286.0,41800
2019-03-20,1927.2982177734375,2266.0,2267.0,2217.0,2223.0,57700
2019-03-22,1941.7568359375,2283.0,2283.0,2257.0,2266.0,79600
2019-03-25,1911.988525390625,2248.0,2272.0,2232.0,2272.0,134700
2019-03-26,1943.4583740234375,2285.0,2315.0,2269.0,2269.0,143700
2019-03-27,1926.2591552734375,2240.0,2254.0,2209.0,2254.0,40900
2019-03-28,1838.546142578125,2138.0,2210.0,2135.0,2210.0,12400
2019-03-29,1894.4417724609375,2203.0,2205.0,2135.0,2140.0,35100
2019-04-01,1933.1390380859375,2248.0,2250.0,2227.0,2227.0,9800
2019-04-02,1918.5201416015625,2231.0,2258.0,2224.0,2254.0,8100
2019-04-03,1952.0574951171875,2270.0,2271.0,2219.0,2244.0,19800
2019-04-04,1883.2625732421875,2190.0,2229.0,2170.0,2225.0,32800
2019-04-05,1898.7415771484375,2208.0,2218.0,2191.0,2195.0,15100
2019-04-08,1888.422119140625,2196.0,2201.0,2189.0,2200.0,9000
2019-04-09,1891.002197265625,2199.0,2211.0,2183.0,2199.0,18200
2019-04-10,1881.54248046875,2188.0,2197.0,2178.0,2197.0,8000
2019-04-11,1871.2236328125,2176.0,2189.0,2164.0,2174.0,8300
2019-04-12,1860.044189453125,2163.0,2173.0,2155.0,2172.0,7500
2019-04-15,1927.9793701171875,2242.0,2277.0,2183.0,2194.0,29500
2019-04-16,1891.8619384765625,2200.0,2277.0,2198.0,2232.0,14400
2019-04-17,1909.0609130859375,2220.0,2234.0,2193.0,2200.0,7500
2019-04-18,1846.2855224609375,2147.0,2234.0,2139.0,2234.0,15100
2019-04-19,1823.927001953125,2121.0,2150.0,2119.0,2139.0,7700
2019-04-22,1786.08984375,2077.0,2121.0,2055.0,2121.0,23700
2019-04-23,1791.249267578125,2083.0,2102.0,2069.0,2076.0,14800
2019-04-24,1780.9302978515625,2071.0,2093.0,2049.0,2092.0,19400
2019-04-25,1780.9302978515625,2071.0,2078.0,2027.0,2071.0,19600
2019-04-26,1792.96923828125,2085.0,2100.0,2066.0,2070.0,20400
2019-05-07,1783.510009765625,2074.0,2235.0,2074.0,2235.0,35200
2019-05-08,1780.070068359375,2070.0,2089.0,2044.0,2072.0,30100
2019-05-09,1753.4119873046875,2039.0,2079.0,2017.0,2070.0,38000
2019-05-10,1754.2718505859375,2040.0,2067.0,2030.0,2039.0,33900
2019-05-13,1711.275146484375,1990.0,2042.0,1989.0,2040.0,23400
2019-05-14,1835.9659423828125,2135.0,2217.0,1937.0,1952.0,78500
2019-05-15,1856.6044921875,2159.0,2172.0,2113.0,2150.0,31300
2019-05-16,1824.7869873046875,2122.0,2154.0,2094.0,2154.0,37100
2019-05-17,1867.783935546875,2172.0,2189.0,2135.0,2148.0,31400
2019-05-20,1887.5625,2195.0,2205.0,2172.0,2197.0,15500
2019-05-21,1854.884765625,2157.0,2178.0,2144.0,2168.0,14400
2019-05-22,1856.6044921875,2159.0,2177.0,2106.0,2177.0,24600
2019-05-23,1867.783935546875,2172.0,2191.0,2152.0,2159.0,19600
2019-05-24,1904.7611083984375,2215.0,2221.0,2150.0,2176.0,23900
2019-05-27,1931.419189453125,2246.0,2272.0,2200.0,2220.0,27600
2019-05-28,1921.099853515625,2234.0,2249.0,2228.0,2246.0,20300
2019-05-29,1886.702392578125,2194.0,2223.0,2167.0,2200.0,28900
2019-05-30,1854.024658203125,2156.0,2202.0,2131.0,2172.0,44300
2019-05-31,1887.5625,2195.0,2200.0,2123.0,2154.0,23200
2019-06-03,1869.50390625,2174.0,2207.0,2113.0,2155.0,21300
2019-06-04,1867.783935546875,2172.0,2189.0,2147.0,2189.0,10900
2019-06-05,1922.8197021484375,2236.0,2254.0,2195.0,2220.0,30200
2019-06-06,1927.119384765625,2241.0,2275.0,2233.0,2236.0,13400
2019-06-07,1995.054443359375,2320.0,2339.0,2246.0,2268.0,41300
2019-06-10,2013.113525390625,2341.0,2347.0,2310.0,2324.0,13400
2019-06-11,2029.4520263671875,2360.0,2360.0,2320.0,2348.0,22100
2019-06-12,2038.0513916015625,2370.0,2414.0,2369.0,2400.0,36500
2019-06-13,2097.386962890625,2439.0,2461.0,2349.0,2370.0,53500
2019-06-14,2112.865966796875,2457.0,2474.0,2387.0,2439.0,44000
2019-06-17,2053.530029296875,2388.0,2457.0,2388.0,2446.0,31700
2019-06-18,1997.6343994140625,2323.0,2388.0,2320.0,2376.0,49800
2019-06-19,2050.950439453125,2385.0,2421.0,2287.0,2331.0,91600
2019-06-20,2048.370849609375,2382.0,2391.0,2298.0,2375.0,46800
2019-06-21,2027.7320556640625,2358.0,2386.0,2358.0,2382.0,36400
2019-06-24,2010.5333251953125,2338.0,2369.0,2336.0,2360.0,11600
2019-06-25,2021.7125244140625,2351.0,2360.0,2314.0,2338.0,27400
2019-06-26,1995.914306640625,2321.0,2344.0,2310.0,2340.0,18600
2019-06-27,2019.9927978515625,2349.0,2354.0,2314.0,2314.0,23700
2019-06-28,2087.927734375,2428.0,2443.0,2348.0,2348.0,80000
2019-07-01,2129.204345703125,2476.0,2477.0,2412.0,2448.0,34900
2019-07-02,2128.344482421875,2475.0,2507.0,2465.0,2465.0,24000
2019-07-03,2184.240966796875,2540.0,2557.0,2406.0,2448.0,44200
2019-07-04,2173.06103515625,2527.0,2590.0,2512.0,2557.0,27100
2019-07-05,2170.481689453125,2524.0,2525.0,2482.0,2502.0,23300
2019-07-08,2153.28271484375,2504.0,2519.0,2497.0,2507.0,26800
2019-07-09,2141.243896484375,2490.0,2516.0,2463.0,2498.0,22100
2019-07-10,2132.64404296875,2480.0,2494.0,2455.0,2460.0,32900
2019-07-11,2137.804443359375,2486.0,2502.0,2458.0,2480.0,44200
2019-07-12,2093.947021484375,2435.0,2487.0,2434.0,2487.0,14100
2019-07-16,2026.0123291015625,2356.0,2425.0,2323.0,2425.0,41000
2019-07-17,2013.113525390625,2341.0,2360.0,2281.0,2356.0,44900
2019-07-18,1950.337646484375,2268.0,2337.0,2235.0,2337.0,47100
2019-07-19,1952.0574951171875,2270.0,2291.0,2258.0,2259.0,20800
2019-07-22,1942.59814453125,2259.0,2301.0,2259.0,2271.0,19000
2019-07-23,1929.6990966796875,2244.0,2265.0,2234.0,2262.0,24700
2019-07-24,1914.22021484375,2226.0,2264.0,2209.0,2264.0,27900
2019-07-25,1922.8197021484375,2236.0,2258.0,2226.0,2228.0,21400
2019-07-26,1918.5201416015625,2231.0,2246.0,2201.0,2236.0,25300
2019-07-29,1942.59814453125,2259.0,2265.0,2217.0,2240.0,20500
2019-07-30,1977.85595703125,2300.0,2303.0,2265.0,2265.0,16900
2019-07-31,1952.0574951171875,2270.0,2302.0,2270.0,2300.0,21500
2019-08-01,1951.1973876953125,2269.0,2274.0,2229.0,2247.0,8100
2019-08-02,1853.1649169921875,2155.0,2247.0,2143.0,2233.0,39000
2019-08-05,1803.2884521484375,2097.0,2155.0,2081.0,2155.0,23700
2019-08-06,1804.1485595703125,2098.0,2107.0,2029.0,2045.0,18500
2019-08-07,1787.809814453125,2079.0,2130.0,2076.0,2098.0,14500
2019-08-08,1814.4676513671875,2110.0,2134.0,2092.0,2109.0,21700
2019-08-09,1862.6243896484375,2166.0,2176.0,2132.0,2160.0,49100
2019-08-13,2004.513916015625,2331.0,2348.0,2160.0,2173.0,75500
2019-08-14,2060.40966796875,2396.0,2429.0,2348.0,2348.0,70700
2019-08-15,2026.0123291015625,2356.0,2390.0,2314.0,2331.0,30300
2019-08-16,1972.6959228515625,2294.0,2389.0,2290.0,2350.0,35800
2019-08-19,1999.3543701171875,2325.0,2376.0,2320.0,2326.0,24300
2019-08-20,2058.68994140625,2394.0,2395.0,2337.0,2353.0,15100
2019-08-21,1985.5947265625,2309.0,2370.0,2309.0,2370.0,11000
2019-08-22,1920.23974609375,2233.0,2311.0,2227.0,2311.0,24700
2019-08-23,1877.2431640625,2183.0,2252.0,2171.0,2251.0,18700
2019-08-26,1841.9854736328125,2142.0,2186.0,2121.0,2183.0,37700
2019-08-27,1921.099853515625,2234.0,2239.0,2174.0,2174.0,23500
2019-08-28,1868.6435546875,2173.0,2234.0,2172.0,2234.0,10700
2019-08-29,1833.38623046875,2132.0,2205.0,2121.0,2161.0,21300
2019-08-30,1903.041015625,2213.0,2222.0,2157.0,2157.0,33100
2019-09-02,1845.42529296875,2146.0,2213.0,2142.0,2213.0,12700
2019-09-03,1828.2266845703125,2126.0,2162.0,2122.0,2162.0,15800
2019-09-04,1817.907470703125,2114.0,2127.0,2100.0,2100.0,14500
2019-09-05,1844.5653076171875,2145.0,2167.0,2122.0,2129.0,23000
2019-09-06,1851.445068359375,2153.0,2172.0,2152.0,2165.0,8700
2019-09-09,1864.343994140625,2168.0,2169.0,2156.0,2166.0,7200
2019-09-10,1860.9044189453125,2164.0,2181.0,2130.0,2168.0,28500
2019-09-11,1878.962890625,2185.0,2200.0,2160.0,2173.0,27200
2019-09-12,1874.6630859375,2180.0,2207.0,2171.0,2207.0,27400
2019-09-13,1877.2431640625,2183.0,2193.0,2166.0,2180.0,36300
2019-09-17,1858.32421875,2161.0,2183.0,2154.0,2174.0,24400
2019-09-18,1831.6666259765625,2130.0,2165.0,2127.0,2161.0,27100
2019-09-19,1901.3211669921875,2211.0,2256.0,2131.0,2131.0,67200
2019-09-20,1911.6405029296875,2223.0,2233.0,2190.0,2207.0,23100
2019-09-24,1958.0770263671875,2277.0,2296.0,2234.0,2234.0,26400
2019-09-25,1944.3179931640625,2261.0,2299.0,2256.0,2283.0,21000
2019-09-26,1909.0609130859375,2220.0,2298.0,2210.0,2298.0,34100
2019-09-27,1929.064697265625,2218.0,2229.0,2196.0,2214.0,26200
2019-09-30,1929.9342041015625,2219.0,2229.0,2205.0,2218.0,30500
2019-10-01,1992.554931640625,2291.0,2308.0,2251.0,2255.0,33000
2019-10-02,2005.6011962890625,2306.0,2318.0,2275.0,2275.0,32500
2019-10-03,1938.6314697265625,2229.0,2259.0,2207.0,2256.0,29400
2019-10-04,1921.2366943359375,2209.0,2234.0,2181.0,2222.0,26900
2019-10-07,1929.9342041015625,2219.0,2235.0,2204.0,2216.0,35900
2019-10-08,1975.160400390625,2271.0,2287.0,2223.0,2223.0,33400
2019-10-09,1975.160400390625,2271.0,2280.0,2253.0,2254.0,34100
2019-10-10,1983.857421875,2281.0,2291.0,2249.0,2272.0,21000
2019-10-11,1984.7271728515625,2282.0,2288.0,2268.0,2271.0,20100
2019-10-15,2054.3056640625,2362.0,2372.0,2298.0,2298.0,34400
2019-10-16,2060.39453125,2369.0,2425.0,2360.0,2385.0,25400
2019-10-17,2058.655029296875,2367.0,2375.0,2356.0,2369.0,16400
2019-10-18,2058.655029296875,2367.0,2403.0,2362.0,2367.0,23400
2019-10-21,2071.70068359375,2382.0,2397.0,2368.0,2387.0,11100
2019-10-23,2069.961181640625,2380.0,2394.0,2363.0,2394.0,18900
2019-10-24,2076.04931640625,2387.0,2400.0,2366.0,2389.0,10600
2019-10-25,2075.1796875,2386.0,2397.0,2378.0,2387.0,28300
2019-10-28,2064.742431640625,2374.0,2394.0,2364.0,2386.0,22400
2019-10-29,2096.922607421875,2411.0,2424.0,2386.0,2395.0,27900
2019-10-30,2135.190673828125,2455.0,2455.0,2411.0,2421.0,42600
2019-10-31,2136.060302734375,2456.0,2465.0,2436.0,2465.0,13600
2019-11-01,2105.619873046875,2421.0,2442.0,2412.0,2441.0,17500
2019-11-05,2127.363525390625,2446.0,2472.0,2428.0,2440.0,31900
2019-11-06,2112.577880859375,2429.0,2448.0,2422.0,2438.0,26100
2019-11-07,2135.190673828125,2455.0,2455.0,2407.0,2438.0,22900
2019-11-08,2145.627685546875,2467.0,2494.0,2438.0,2472.0,64400
2019-11-11,2194.33251953125,2523.0,2579.0,2494.0,2494.0,44900
2019-11-12,2181.287109375,2508.0,2543.0,2470.0,2515.0,58700
2019-11-13,2300.439453125,2645.0,2655.0,2499.0,2508.0,106900
2019-11-14,2303.049560546875,2648.0,2659.0,2623.0,2639.0,30400
2019-11-15,2301.309326171875,2646.0,2658.0,2617.0,2632.0,60300
2019-11-18,2322.183349609375,2670.0,2679.0,2621.0,2621.0,83100
2019-11-19,2356.97265625,2710.0,2728.0,2649.0,2656.0,42000
2019-11-20,2314.35546875,2661.0,2694.0,2633.0,2690.0,30200
2019-11-21,2277.826904296875,2619.0,2656.0,2568.0,2631.0,86600
2019-11-22,2243.90771484375,2580.0,2607.0,2550.0,2595.0,82800
2019-11-25,2222.164306640625,2555.0,2601.0,2553.0,2582.0,48200
2019-11-26,2278.69677734375,2620.0,2642.0,2568.0,2580.0,141600
2019-11-27,2259.562744140625,2598.0,2620.0,2592.0,2606.0,34500
2019-11-28,2235.210205078125,2570.0,2607.0,2567.0,2607.0,26300
2019-11-29,2246.5166015625,2583.0,2606.0,2560.0,2571.0,58300
2019-12-02,2250.865234375,2588.0,2619.0,2581.0,2590.0,60000
2019-12-03,2244.77685546875,2581.0,2595.0,2565.0,2566.0,52000
2019-12-04,2251.7353515625,2589.0,2592.0,2555.0,2555.0,46700
2019-12-05,2256.083984375,2594.0,2622.0,2575.0,2590.0,45900
2019-12-06,2304.788818359375,2650.0,2659.0,2570.0,2570.0,73200
2019-12-09,2365.670166015625,2720.0,2725.0,2665.0,2670.0,34100
2019-12-10,2365.670166015625,2720.0,2753.0,2720.0,2720.0,24700
2019-12-11,2382.194580078125,2739.0,2759.0,2723.0,2723.0,35200
2019-12-12,2369.149169921875,2724.0,2750.0,2700.0,2749.0,48500
2019-12-13,2372.62744140625,2728.0,2779.0,2727.0,2760.0,56800
2019-12-16,2381.324951171875,2738.0,2765.0,2721.0,2765.0,55100
2019-12-17,2435.248291015625,2800.0,2800.0,2731.0,2754.0,42700
2019-12-18,2400.459228515625,2760.0,2808.0,2727.0,2808.0,19900
2019-12-19,2384.80419921875,2742.0,2786.0,2735.0,2772.0,25600
2019-12-20,2383.064208984375,2740.0,2756.0,2731.0,2756.0,56600
2019-12-23,2372.62744140625,2728.0,2756.0,2719.0,2720.0,33600
2019-12-24,2365.670166015625,2720.0,2736.0,2715.0,2728.0,13900
2019-12-25,2365.670166015625,2720.0,2740.0,2709.0,2721.0,38700
2019-12-26,2355.233154296875,2708.0,2726.0,2679.0,2707.0,32600
2019-12-27,2336.968017578125,2687.0,2721.0,2683.0,2710.0,25200
2019-12-30,2365.670166015625,2720.0,2735.0,2637.0,2687.0,46000
2020-01-06,2306.528076171875,2652.0,2671.0,2644.0,2664.0,23400
2020-01-07,2363.060546875,2717.0,2733.0,2645.0,2650.0,28800
2020-01-08,2320.44384765625,2668.0,2707.0,2633.0,2707.0,18500
2020-01-09,2371.7578125,2727.0,2739.0,2697.0,2714.0,27100
2020-01-10,2383.934326171875,2741.0,2755.0,2732.0,2750.0,12500
2020-01-14,2380.45556640625,2737.0,2756.0,2724.0,2755.0,19300
2020-01-15,2356.97265625,2710.0,2733.0,2683.0,2728.0,16700
2020-01-16,2322.183349609375,2670.0,2710.0,2669.0,2710.0,14400
2020-01-17,2308.267578125,2654.0,2696.0,2638.0,2696.0,16200
2020-01-20,2281.305419921875,2623.0,2656.0,2612.0,2654.0,17900
2020-01-21,2296.961181640625,2641.0,2641.0,2609.0,2609.0,10700
2020-01-22,2299.56982421875,2644.0,2675.0,2636.0,2641.0,15400
2020-01-23,2281.305419921875,2623.0,2652.0,2620.0,2641.0,11000
2020-01-24,2244.77685546875,2581.0,2630.0,2571.0,2630.0,21500
2020-01-27,2216.075927734375,2548.0,2577.0,2527.0,2577.0,23500
2020-01-28,2203.900146484375,2534.0,2548.0,2489.0,2515.0,20000
2020-01-29,2189.114013671875,2517.0,2534.0,2494.0,2534.0,17400
2020-01-30,2185.6357421875,2513.0,2519.0,2465.0,2515.0,29900
2020-01-31,2212.59716796875,2544.0,2575.0,2518.0,2559.0,28000
2020-02-03,2205.6396484375,2536.0,2543.0,2470.0,2494.0,18600
2020-02-04,2214.33642578125,2546.0,2549.0,2508.0,2508.0,11000
2020-02-05,2236.07958984375,2571.0,2586.0,2542.0,2582.0,17500
2020-02-06,2298.700439453125,2643.0,2665.0,2585.0,2620.0,25400
2020-02-07,2317.83447265625,2665.0,2668.0,2636.0,2665.0,15800
2020-02-10,2271.739013671875,2612.0,2625.0,2588.0,2615.0,22100
2020-02-12,2268.259765625,2608.0,2626.0,2570.0,2624.0,18300
2020-02-13,2283.045166015625,2625.0,2629.0,2601.0,2616.0,13500
2020-02-14,2259.562744140625,2598.0,2615.0,2533.0,2575.0,49400
2020-02-17,2228.25244140625,2562.0,2601.0,2557.0,2571.0,25500
2020-02-18,2220.4248046875,2553.0,2578.0,2544.0,2560.0,20200
2020-02-19,2227.3828125,2561.0,2593.0,2543.0,2569.0,14700
2020-02-20,2243.0380859375,2579.0,2617.0,2578.0,2591.0,19100
2020-02-21,2229.991455078125,2564.0,2578.0,2560.0,2569.0,24700
2020-02-25,2144.758544921875,2466.0,2527.0,2455.0,2527.0,55900
2020-02-26,2143.888671875,2465.0,2481.0,2435.0,2450.0,32300
2020-02-27,2093.44384765625,2407.0,2460.0,2398.0,2459.0,45400
2020-02-28,2016.037841796875,2318.0,2388.0,2303.0,2360.0,61100
2020-03-02,2082.137451171875,2394.0,2448.0,2301.0,2308.0,44100
2020-03-03,2083.0068359375,2395.0,2478.0,2388.0,2471.0,39100
2020-03-04,2031.692626953125,2336.0,2401.0,2325.0,2370.0,48500
2020-03-05,2067.35205078125,2377.0,2420.0,2368.0,2386.0,39600
2020-03-06,2003.8614501953125,2304.0,2393.0,2282.0,2350.0,60800
2020-03-09,1922.9764404296875,2211.0,2374.0,2180.0,2354.0,100900
2020-03-10,2002.1219482421875,2302.0,2323.0,2128.0,2178.0,59900
2020-03-11,1976.8994140625,2273.0,2349.0,2267.0,2298.0,71200
2020-03-12,1929.9342041015625,2219.0,2289.0,2170.0,2246.0,64400
2020-03-13,1990.8154296875,2289.0,2319.0,2165.0,2269.0,125800
2020-03-16,1930.80419921875,2220.0,2363.0,2206.0,2340.0,153000
2020-03-17,2032.5625,2337.0,2386.0,2196.0,2256.0,115000
2020-03-18,2067.35205078125,2377.0,2470.0,2365.0,2400.0,70100
2020-03-19,2131.7119140625,2451.0,2536.0,2427.0,2450.0,91900
2020-03-23,2187.37451171875,2515.0,2536.0,2470.0,2500.0,147800
2020-03-24,2148.237060546875,2470.0,2546.0,2442.0,2530.0,73500
2020-03-25,2185.6357421875,2513.0,2548.0,2453.0,2520.0,103400
2020-03-26,2278.69677734375,2620.0,2674.0,2485.0,2513.0,64000
2020-03-27,2435.248291015625,2800.0,2800.0,2642.0,2670.0,132300
2020-03-30,2244.6103515625,2555.0,2696.0,2488.0,2690.0,85500
2020-03-31,2244.6103515625,2555.0,2586.0,2521.0,2536.0,25900
2020-04-01,2197.170166015625,2501.0,2607.0,2482.0,2550.0,33500
2020-04-02,2176.0859375,2477.0,2510.0,2459.0,2483.0,29000
2020-04-03,2132.160400390625,2427.0,2607.0,2404.0,2550.0,35900
2020-04-06,2165.543701171875,2465.0,2490.0,2369.0,2424.0,34900
2020-04-07,2242.853271484375,2553.0,2641.0,2511.0,2641.0,45000
2020-04-08,2268.330322265625,2582.0,2614.0,2550.0,2554.0,28000
2020-04-09,2263.05908203125,2576.0,2592.0,2526.0,2557.0,24100
2020-04-10,2239.339111328125,2549.0,2578.0,2499.0,2550.0,29000
2020-04-13,2191.89892578125,2495.0,2548.0,2483.0,2506.0,30800
2020-04-14,2208.591064453125,2514.0,2548.0,2472.0,2480.0,25900
2020-04-15,2234.9462890625,2544.0,2589.0,2520.0,2531.0,32300
2020-04-16,2292.050048828125,2609.0,2616.0,2501.0,2501.0,36900
2020-04-17,2273.601318359375,2588.0,2660.0,2565.0,2641.0,35600
2020-04-20,2265.694580078125,2579.0,2611.0,2563.0,2588.0,23100
2020-04-21,2277.115234375,2592.0,2613.0,2572.0,2574.0,25800
2020-04-22,2256.9091796875,2569.0,2578.0,2525.0,2568.0,46000
2020-04-23,2274.4794921875,2589.0,2599.0,2514.0,2572.0,50400
2020-04-24,2304.34912109375,2623.0,2633.0,2576.0,2600.0,35100
2020-04-27,2284.14306640625,2600.0,2641.0,2587.0,2623.0,52200
2020-04-28,2298.19970703125,2616.0,2633.0,2591.0,2600.0,23500
2020-04-30,2327.19091796875,2649.0,2660.0,2621.0,2658.0,32500
2020-05-01,2319.2841796875,2640.0,2650.0,2613.0,2649.0,34200
2020-05-07,2306.1064453125,2625.0,2635.0,2596.0,2635.0,36100
2020-05-08,2284.14306640625,2600.0,2645.0,2597.0,2631.0,101400
2020-05-11,2284.14306640625,2600.0,2618.0,2580.0,2600.0,38700
2020-05-12,2290.292724609375,2607.0,2643.0,2597.0,2620.0,66600
2020-05-13,2292.050048828125,2609.0,2628.0,2582.0,2592.0,51600
2020-05-14,2327.19091796875,2649.0,2754.0,2622.0,2689.0,102400
2020-05-15,2339.48974609375,2663.0,2708.0,2632.0,2650.0,79500
2020-05-18,2354.424560546875,2680.0,2698.0,2641.0,2663.0,45700
2020-05-19,2394.836669921875,2726.0,2738.0,2660.0,2705.0,47700
2020-05-20,2430.856201171875,2767.0,2777.0,2710.0,2737.0,46100
2020-05-21,2440.519287109375,2778.0,2819.0,2742.0,2786.0,32300
2020-05-22,2485.323974609375,2829.0,2839.0,2779.0,2779.0,41800
2020-05-25,2514.314697265625,2862.0,2897.0,2839.0,2859.0,66500
2020-05-26,2550.333984375,2903.0,2940.0,2865.0,2919.0,69100
2020-05-27,2601.288330078125,2961.0,2985.0,2911.0,2918.0,50800
2020-05-28,2621.49365234375,2984.0,3025.0,2958.0,3000.0,75400
2020-05-29,2614.4658203125,2976.0,3010.0,2864.0,2934.0,98800
2020-06-01,2639.942626953125,3005.0,3015.0,2981.0,3000.0,31000
2020-06-02,2625.88623046875,2989.0,3010.0,2956.0,3000.0,42200
2020-06-03,2634.67138671875,2999.0,3010.0,2964.0,2989.0,46900
2020-06-04,2670.69091796875,3040.0,3050.0,2999.0,3005.0,44800
2020-06-05,2617.97998046875,2980.0,3060.0,2979.0,3050.0,87600
2020-06-08,2625.88623046875,2989.0,3015.0,2970.0,3000.0,113800
2020-06-09,2666.29833984375,3035.0,3045.0,2973.0,2973.0,55800
2020-06-10,2648.727783203125,3015.0,3025.0,2982.0,2990.0,45800
2020-06-11,2618.858154296875,2981.0,3005.0,2945.0,2945.0,122500
2020-06-12,2614.4658203125,2976.0,3005.0,2922.0,2931.0,74100
2020-06-15,2596.017333984375,2955.0,3005.0,2955.0,2971.0,57500
2020-06-16,2732.187255859375,3110.0,3130.0,2985.0,3005.0,64300
2020-06-17,2670.69091796875,3040.0,3155.0,3035.0,3100.0,42800
2020-06-18,2705.831298828125,3080.0,3080.0,3035.0,3060.0,25900
2020-06-19,2683.868896484375,3055.0,3085.0,3035.0,3050.0,43500
2020-06-22,2705.831298828125,3080.0,3090.0,3045.0,3050.0,30300
2020-06-23,2749.75732421875,3130.0,3150.0,3070.0,3080.0,65000
2020-06-24,2670.69091796875,3040.0,3115.0,3005.0,3115.0,44400
2020-06-25,2657.51318359375,3025.0,3090.0,3020.0,3040.0,25500
2020-06-26,2692.653564453125,3065.0,3080.0,3010.0,3045.0,17800
2020-06-29,2679.475830078125,3050.0,3055.0,3025.0,3050.0,21500
2020-06-30,2723.401611328125,3100.0,3120.0,3055.0,3065.0,36100
2020-07-01,2701.43896484375,3075.0,3130.0,3075.0,3120.0,32900
2020-07-02,2632.9140625,2997.0,3095.0,2979.0,3095.0,44600
2020-07-03,2627.6435546875,2991.0,3010.0,2974.0,2997.0,24400
2020-07-06,2635.550048828125,3000.0,3010.0,2991.0,2991.0,10900
2020-07-07,2644.335205078125,3010.0,3015.0,2980.0,2989.0,22700
2020-07-08,2618.858154296875,2981.0,3030.0,2976.0,3020.0,20700
2020-07-09,2617.100830078125,2979.0,3010.0,2978.0,2981.0,18900
2020-07-10,2609.19482421875,2970.0,2994.0,2970.0,2979.0,42900
2020-07-13,2635.550048828125,3000.0,3035.0,2975.0,3000.0,35600
2020-07-14,2632.9140625,2997.0,3025.0,2979.0,2980.0,37900
2020-07-15,2644.335205078125,3010.0,3030.0,2982.0,3005.0,33100
2020-07-16,2620.615478515625,2983.0,3035.0,2981.0,3035.0,8400
2020-07-17,2622.372314453125,2985.0,3005.0,2972.0,3005.0,23300
2020-07-20,2629.400634765625,2993.0,3000.0,2974.0,2986.0,10600
2020-07-21,2697.0458984375,3070.0,3075.0,2990.0,2990.0,17700
2020-07-22,2619.73681640625,2982.0,3055.0,2977.0,3055.0,21200
2020-07-27,2653.12060546875,3020.0,3020.0,2982.0,2982.0,12900
2020-07-28,2626.765380859375,2990.0,3030.0,2982.0,3020.0,29400
2020-07-29,2592.502685546875,2951.0,2990.0,2950.0,2981.0,20900
2020-07-30,2515.193359375,2863.0,2954.0,2863.0,2951.0,29200
2020-07-31,2426.463134765625,2762.0,2879.0,2722.0,2879.0,19300
2020-08-03,2356.181884765625,2682.0,2870.0,2650.0,2722.0,35800
2020-08-04,2387.808349609375,2718.0,2718.0,2634.0,2682.0,26000
2020-08-05,2328.06884765625,2650.0,2685.0,2650.0,2671.0,22700
2020-08-06,2357.06005859375,2683.0,2683.0,2641.0,2650.0,35700
2020-08-07,2345.639404296875,2670.0,2716.0,2637.0,2700.0,22000
2020-08-11,2364.08837890625,2691.0,2699.0,2650.0,2667.0,24200
2020-08-12,2428.220458984375,2764.0,2784.0,2699.0,2722.0,34900
2020-08-13,2468.632080078125,2810.0,2827.0,2754.0,2814.0,34100
2020-08-14,2519.585693359375,2868.0,2894.0,2836.0,2836.0,28700
2020-08-17,2507.286865234375,2854.0,2903.0,2841.0,2891.0,16600
2020-08-18,2450.183349609375,2789.0,2863.0,2757.0,2863.0,15900
2020-08-19,2388.687255859375,2719.0,2763.0,2719.0,2762.0,12300
2020-08-20,2330.705078125,2653.0,2729.0,2652.0,2719.0,17700
2020-08-21,2342.125244140625,2666.0,2672.0,2645.0,2652.0,19200
2020-08-24,2339.48974609375,2663.0,2685.0,2644.0,2681.0,12100
2020-08-25,2346.51806640625,2671.0,2685.0,2650.0,2682.0,15600
2020-08-26,2400.10791015625,2732.0,2742.0,2644.0,2660.0,19800
2020-08-27,2379.023681640625,2708.0,2731.0,2676.0,2724.0,9400
2020-08-28,2340.368408203125,2664.0,2743.0,2646.0,2708.0,28500
2020-08-31,2343.882568359375,2668.0,2691.0,2660.0,2691.0,20700
2020-09-01,2329.826416015625,2652.0,2689.0,2648.0,2678.0,23500
2020-09-02,2365.845947265625,2693.0,2696.0,2652.0,2681.0,14100
2020-09-03,2330.705078125,2653.0,2743.0,2653.0,2721.0,18200
2020-09-04,2345.639404296875,2670.0,2679.0,2637.0,2651.0,33400
2020-09-07,2335.97607421875,2659.0,2690.0,2643.0,2659.0,12900
2020-09-08,2381.65869140625,2711.0,2721.0,2650.0,2688.0,16100
2020-09-09,2390.44384765625,2721.0,2728.0,2669.0,2712.0,23800
2020-09-10,2386.0517578125,2716.0,2735.0,2692.0,2721.0,20600
2020-09-11,2438.762451171875,2776.0,2784.0,2716.0,2744.0,26300
2020-09-14,2463.36083984375,2804.0,2818.0,2763.0,2818.0,17000
2020-09-15,2419.434814453125,2754.0,2822.0,2729.0,2822.0,21900
2020-09-16,2467.753173828125,2809.0,2815.0,2754.0,2754.0,16000
2020-09-17,2455.454345703125,2795.0,2817.0,2762.0,2809.0,30400
2020-09-18,2483.566650390625,2827.0,2843.0,2803.0,2839.0,29000
2020-09-23,2404.50048828125,2737.0,2827.0,2696.0,2808.0,24200
2020-09-24,2494.109130859375,2839.0,2867.0,2737.0,2758.0,46600
2020-09-25,2483.566650390625,2827.0,2895.0,2817.0,2880.0,31900
2020-09-28,2558.240966796875,2912.0,2934.0,2865.0,2877.0,47900
2020-09-29,2486.46435546875,2806.0,2865.0,2802.0,2865.0,25900
2020-09-30,2436.841796875,2750.0,2831.0,2750.0,2806.0,19500
2020-10-02,2417.3466796875,2728.0,2742.0,2697.0,2724.0,24900
2020-10-05,2425.322265625,2737.0,2777.0,2710.0,2720.0,17600
2020-10-06,2412.916015625,2723.0,2735.0,2703.0,2711.0,11300
2020-10-07,2414.6884765625,2725.0,2734.0,2707.0,2728.0,14700
2020-10-08,2418.2333984375,2729.0,2748.0,2715.0,2724.0,16400
2020-10-09,2419.118896484375,2730.0,2740.0,2707.0,2733.0,28800
2020-10-12,2414.6884765625,2725.0,2747.0,2710.0,2710.0,12100
2020-10-13,2441.27197265625,2755.0,2755.0,2715.0,2725.0,11900
2020-10-14,2412.916015625,2723.0,2743.0,2709.0,2738.0,10200
2020-10-15,2435.955810546875,2749.0,2753.0,2709.0,2723.0,17900
2020-10-16,2398.73828125,2707.0,2731.0,2694.0,2713.0,14100
2020-10-19,2409.371337890625,2719.0,2764.0,2715.0,2717.0,13300
2020-10-20,2399.62451171875,2708.0,2731.0,2688.0,2719.0,19300
2020-10-21,2406.713623046875,2716.0,2732.0,2710.0,2730.0,16100
2020-10-22,2409.371337890625,2719.0,2733.0,2672.0,2708.0,21500
2020-10-23,2401.396728515625,2710.0,2740.0,2680.0,2699.0,20200
2020-10-26,2470.514404296875,2788.0,2788.0,2710.0,2710.0,27100
2020-10-27,2412.030029296875,2722.0,2790.0,2687.0,2790.0,24600
2020-10-28,2412.030029296875,2722.0,2736.0,2703.0,2721.0,20800
2020-10-29,2449.2470703125,2764.0,2776.0,2713.0,2720.0,20800
2020-10-30,2412.916015625,2723.0,2779.0,2702.0,2779.0,27600
2020-11-02,2423.550048828125,2735.0,2767.0,2704.0,2743.0,22100
2020-11-04,2443.930419921875,2758.0,2772.0,2735.0,2765.0,16300
2020-11-05,2512.162353515625,2835.0,2839.0,2744.0,2750.0,28300
2020-11-06,2555.582275390625,2884.0,2896.0,2830.0,2835.0,21000
2020-11-09,2622.927734375,2960.0,2976.0,2910.0,2930.0,28000
2020-11-10,2655.714111328125,2997.0,3025.0,2960.0,3010.0,34200
2020-11-11,2671.66455078125,3015.0,3025.0,2938.0,3020.0,34700
2020-11-12,2653.0556640625,2994.0,3055.0,2916.0,2966.0,21100
2020-11-13,2565.32958984375,2895.0,2981.0,2867.0,2981.0,35600
2020-11-16,2555.582275390625,2884.0,2982.0,2881.0,2945.0,34600
2020-11-17,2551.151611328125,2879.0,2929.0,2852.0,2920.0,20600
2020-11-18,2490.8955078125,2811.0,2881.0,2803.0,2879.0,32800
2020-11-19,2490.8955078125,2811.0,2833.0,2744.0,2811.0,18000
2020-11-20,2488.236572265625,2808.0,2842.0,2790.0,2790.0,11700
2020-11-24,2493.553955078125,2814.0,2888.0,2808.0,2859.0,23100
2020-11-25,2470.514404296875,2788.0,2848.0,2787.0,2833.0,28300
2020-11-26,2463.42529296875,2780.0,2803.0,2741.0,2776.0,17500
2020-11-27,2451.01953125,2766.0,2803.0,2752.0,2780.0,22000
2020-11-30,2355.317626953125,2658.0,2774.0,2658.0,2771.0,39800
2020-12-01,2421.777099609375,2733.0,2745.0,2697.0,2720.0,38800
2020-12-02,2377.471435546875,2683.0,2752.0,2674.0,2752.0,41000
2020-12-03,2395.194091796875,2703.0,2744.0,2671.0,2691.0,27600
2020-12-04,2361.521240234375,2665.0,2720.0,2662.0,2703.0,18200
2020-12-07,2378.35791015625,2684.0,2732.0,2661.0,2665.0,26200
2020-12-08,2404.941162109375,2714.0,2749.0,2678.0,2678.0,15100
2020-12-09,2396.96630859375,2705.0,2726.0,2690.0,2692.0,20100
2020-12-10,2403.168701171875,2712.0,2739.0,2692.0,2692.0,14100
2020-12-11,2431.52490234375,2744.0,2755.0,2717.0,2717.0,14100
2020-12-14,2473.1728515625,2791.0,2808.0,2745.0,2745.0,18600
2020-12-15,2400.510498046875,2709.0,2791.0,2701.0,2791.0,27900
2020-12-16,2405.8271484375,2715.0,2731.0,2700.0,2710.0,13600
2020-12-17,2406.713623046875,2716.0,2757.0,2704.0,2707.0,14600
2020-12-18,2383.673828125,2690.0,2725.0,2690.0,2716.0,30200
2020-12-21,2388.990966796875,2696.0,2720.0,2656.0,2691.0,31800
2020-12-22,2325.190185546875,2624.0,2694.0,2621.0,2692.0,28000
2020-12-23,2358.86279296875,2662.0,2669.0,2614.0,2624.0,26800
2020-12-24,2334.05126953125,2634.0,2686.0,2630.0,2638.0,44000
2020-12-25,2374.81298828125,2680.0,2680.0,2641.0,2641.0,16600
2020-12-28,2401.396728515625,2710.0,2729.0,2666.0,2680.0,40800
2020-12-29,2430.638671875,2743.0,2743.0,2700.0,2713.0,23400
2020-12-30,2412.030029296875,2722.0,2754.0,2690.0,2743.0,26900
2021-01-04,2386.33251953125,2693.0,2750.0,2672.0,2750.0,25000
2021-01-05,2375.698974609375,2681.0,2712.0,2673.0,2692.0,25200
2021-01-06,2406.713623046875,2716.0,2735.0,2672.0,2685.0,20200
2021-01-07,2390.762939453125,2698.0,2754.0,2690.0,2749.0,50000
2021-01-08,2420.0048828125,2731.0,2737.0,2693.0,2698.0,34600
2021-01-12,2458.1083984375,2774.0,2775.0,2700.0,2720.0,34200
2021-01-13,2412.916015625,2723.0,2767.0,2713.0,2767.0,23800
2021-01-14,2417.3466796875,2728.0,2743.0,2705.0,2734.0,33100
2021-01-15,2409.371337890625,2719.0,2743.0,2709.0,2728.0,27600
2021-01-18,2486.46435546875,2806.0,2808.0,2734.0,2762.0,30900
2021-01-19,2494.43994140625,2815.0,2818.0,2780.0,2806.0,32500
2021-01-20,2405.8271484375,2715.0,2786.0,2710.0,2786.0,58100
2021-01-21,2412.030029296875,2722.0,2741.0,2700.0,2706.0,36700
2021-01-22,2449.2470703125,2764.0,2792.0,2716.0,2720.0,43600
2021-01-25,2403.168701171875,2712.0,2780.0,2709.0,2764.0,62000
2021-01-26,2420.0048828125,2731.0,2756.0,2709.0,2720.0,71200
2021-01-27,2441.27197265625,2755.0,2755.0,2697.0,2720.0,75800
2021-01-28,2521.90966796875,2846.0,2880.0,2740.0,2740.0,231900
2021-01-29,2416.46044921875,2727.0,2844.0,2720.0,2844.0,43200
2021-02-01,2404.941162109375,2714.0,2738.0,2700.0,2721.0,35000
2021-02-02,2435.955810546875,2749.0,2758.0,2697.0,2736.0,30700
2021-02-03,2406.713623046875,2716.0,2768.0,2713.0,2768.0,38800
2021-02-04,2412.916015625,2723.0,2731.0,2705.0,2720.0,35000
2021-02-05,2451.01953125,2766.0,2772.0,2721.0,2725.0,24300
2021-02-08,2521.023193359375,2845.0,2850.0,2778.0,2779.0,29200
2021-02-09,2538.74560546875,2865.0,2879.0,2802.0,2845.0,19500
2021-02-10,2486.46435546875,2806.0,2912.0,2804.0,2912.0,23700
2021-02-12,2540.518310546875,2867.0,2956.0,2853.0,2956.0,23400
2021-02-15,2589.254638671875,2922.0,2926.0,2871.0,2907.0,22100
2021-02-16,2539.632080078125,2866.0,2930.0,2863.0,2930.0,12600
2021-02-17,2506.84521484375,2829.0,2856.0,2825.0,2850.0,12400
2021-02-18,2458.1083984375,2774.0,2828.0,2755.0,2828.0,20800
2021-02-19,2445.70263671875,2760.0,2777.0,2744.0,2744.0,18100
2021-02-22,2463.42529296875,2780.0,2807.0,2771.0,2787.0,10600
2021-02-24,2401.396728515625,2710.0,2752.0,2710.0,2730.0,35900
2021-02-25,2404.05517578125,2713.0,2750.0,2707.0,2720.0,41500
2021-02-26,2393.421142578125,2701.0,2734.0,2696.0,2720.0,57100
2021-03-01,2472.28662109375,2790.0,2796.0,2733.0,2748.0,35300
2021-03-02,2446.589111328125,2761.0,2824.0,2744.0,2824.0,26900
2021-03-03,2443.930419921875,2758.0,2774.0,2736.0,2747.0,19800
2021-03-04,2441.27197265625,2755.0,2770.0,2732.0,2739.0,17300
2021-03-05,2452.791748046875,2768.0,2785.0,2728.0,2785.0,49900
2021-03-08,2427.09423828125,2739.0,2779.0,2723.0,2777.0,45800
2021-03-09,2489.123046875,2809.0,2813.0,2748.0,2759.0,30500
2021-03-10,2511.276123046875,2834.0,2856.0,2823.0,2827.0,60300
2021-03-11,2532.54296875,2858.0,2868.0,2830.0,2850.0,39700
2021-03-12,2523.68212890625,2848.0,2860.0,2840.0,2858.0,86900
2021-03-15,2628.244384765625,2966.0,2970.0,2860.0,2887.0,95000
2021-03-16,2647.739013671875,2988.0,2998.0,2940.0,2940.0,32300
2021-03-17,2671.66455078125,3015.0,3040.0,2982.0,2997.0,47200
2021-03-18,2667.234130859375,3010.0,3050.0,2986.0,3050.0,44600
2021-03-19,2652.169921875,2993.0,3035.0,2962.0,3010.0,97900
2021-03-22,2637.10546875,2976.0,2999.0,2965.0,2999.0,47300
2021-03-23,2622.927734375,2960.0,3010.0,2960.0,2997.0,42000
2021-03-24,2575.963623046875,2907.0,2959.0,2904.0,2959.0,29500
2021-03-25,2603.43310546875,2938.0,2947.0,2907.0,2907.0,44400
2021-03-26,2626.472412109375,2964.0,2999.0,2941.0,2976.0,91200
2021-03-29,2648.625244140625,2989.0,2995.0,2954.0,2986.0,150900
2021-03-30,2512.798583984375,2812.0,2910.0,2800.0,2864.0,96500
2021-03-31,2468.118408203125,2762.0,2793.0,2746.0,2785.0,42700
2021-04-01,2457.3955078125,2750.0,2788.0,2749.0,2780.0,25000
2021-04-02,2452.927734375,2745.0,2773.0,2744.0,2750.0,11800
2021-04-05,2448.459228515625,2740.0,2755.0,2735.0,2755.0,14800
2021-04-06,2440.41650390625,2731.0,2770.0,2726.0,2766.0,22000
2021-04-07,2463.65087890625,2757.0,2763.0,2728.0,2728.0,15900
2021-04-08,2433.267822265625,2723.0,2741.0,2718.0,2737.0,24000
2021-04-09,2440.41650390625,2731.0,2745.0,2720.0,2722.0,12400
2021-04-12,2453.821044921875,2746.0,2748.0,2722.0,2731.0,11400
2021-04-13,2444.88525390625,2736.0,2766.0,2728.0,2736.0,12300
2021-04-14,2431.48095703125,2721.0,2734.0,2703.0,2734.0,15100
2021-04-15,2447.565673828125,2739.0,2765.0,2732.0,2733.0,16100
2021-04-16,2418.076904296875,2706.0,2756.0,2705.0,2739.0,6500
2021-04-19,2432.37451171875,2722.0,2729.0,2705.0,2720.0,13700
2021-04-20,2417.18359375,2705.0,2734.0,2700.0,2721.0,26600
2021-04-21,2372.503173828125,2655.0,2697.0,2645.0,2690.0,37300
2021-04-22,2354.631591796875,2635.0,2679.0,2630.0,2650.0,21900
2021-04-23,2385.90771484375,2670.0,2683.0,2633.0,2645.0,21700
2021-04-26,2367.1416015625,2649.0,2701.0,2640.0,2673.0,27100
2021-04-27,2350.163330078125,2630.0,2653.0,2628.0,2649.0,20200
2021-04-28,2324.2490234375,2601.0,2632.0,2600.0,2628.0,26800
2021-04-30,2325.142822265625,2602.0,2622.0,2596.0,2601.0,24300
2021-05-06,2337.653076171875,2616.0,2623.0,2606.0,2620.0,16900
2021-05-07,2359.099853515625,2640.0,2648.0,2613.0,2648.0,19900
2021-05-10,2373.397216796875,2656.0,2664.0,2631.0,2640.0,8300
2021-05-11,2335.86572265625,2614.0,2652.0,2600.0,2644.0,17800
2021-05-12,2283.14404296875,2555.0,2600.0,2526.0,2587.0,62600
2021-05-13,2270.633056640625,2541.0,2595.0,2527.0,2555.0,50300
2021-05-14,2242.038330078125,2509.0,2578.0,2450.0,2500.0,83600
2021-05-17,2287.611572265625,2560.0,2607.0,2530.0,2535.0,45700
2021-05-18,2234.889404296875,2501.0,2557.0,2491.0,2557.0,35400
2021-05-19,2201.825927734375,2464.0,2508.0,2458.0,2494.0,52300
2021-05-20,2220.592041015625,2485.0,2502.0,2461.0,2464.0,32400
2021-05-21,2208.974853515625,2472.0,2485.0,2447.0,2485.0,38400
2021-05-24,2284.9306640625,2557.0,2566.0,2427.0,2463.0,106400
2021-05-25,2264.378173828125,2534.0,2629.0,2534.0,2569.0,108400
2021-05-26,2184.847900390625,2445.0,2511.0,2420.0,2505.0,127000
2021-05-27,2167.869384765625,2426.0,2486.0,2413.0,2436.0,230500
2021-05-28,2153.57177734375,2410.0,2434.0,2371.0,2419.0,70600
2021-05-31,2162.508056640625,2420.0,2469.0,2409.0,2410.0,27200
2021-06-01,2158.93359375,2416.0,2421.0,2395.0,2420.0,25600
2021-06-02,2099.06201171875,2349.0,2420.0,2343.0,2420.0,22600
2021-06-03,2142.8486328125,2398.0,2405.0,2354.0,2398.0,27400
2021-06-04,2125.87060546875,2379.0,2395.0,2368.0,2383.0,22000
2021-06-07,2140.167724609375,2395.0,2400.0,2372.0,2379.0,15200
2021-06-08,2126.763916015625,2380.0,2388.0,2361.0,2361.0,20900
2021-06-09,2137.487060546875,2392.0,2392.0,2374.0,2381.0,10000
2021-06-10,2143.74267578125,2399.0,2401.0,2370.0,2392.0,11600
2021-06-11,2154.465576171875,2411.0,2417.0,2392.0,2417.0,21600
2021-06-14,2134.806396484375,2389.0,2419.0,2388.0,2419.0,13100
2021-06-15,2136.593505859375,2391.0,2404.0,2378.0,2389.0,18900
2021-06-16,2147.31689453125,2403.0,2416.0,2378.0,2385.0,13700
2021-06-17,2142.8486328125,2398.0,2411.0,2390.0,2403.0,13800
2021-06-18,2154.465576171875,2411.0,2411.0,2380.0,2398.0,23500
2021-06-21,2125.87060546875,2379.0,2400.0,2372.0,2387.0,23800
2021-06-22,2161.614501953125,2419.0,2419.0,2385.0,2396.0,25500
2021-06-23,2144.635986328125,2400.0,2430.0,2400.0,2419.0,15700
2021-06-24,2149.10400390625,2405.0,2409.0,2380.0,2400.0,15600
2021-06-25,2161.614501953125,2419.0,2427.0,2405.0,2419.0,11900
2021-06-28,2171.44384765625,2430.0,2430.0,2402.0,2420.0,17500
2021-06-29,2161.614501953125,2419.0,2428.0,2414.0,2419.0,21100
2021-06-30,2140.167724609375,2395.0,2420.0,2395.0,2419.0,27100
2021-07-01,2138.38037109375,2393.0,2409.0,2383.0,2391.0,19000
2021-07-02,2166.08251953125,2424.0,2437.0,2392.0,2392.0,26300
2021-07-05,2148.21044921875,2404.0,2423.0,2393.0,2407.0,15800
2021-07-06,2146.423095703125,2402.0,2405.0,2390.0,2399.0,8400
2021-07-07,2122.2958984375,2375.0,2399.0,2373.0,2390.0,11200
2021-07-08,2116.9345703125,2369.0,2393.0,2369.0,2375.0,21500
2021-07-09,2092.806884765625,2342.0,2352.0,2324.0,2342.0,34000
2021-07-12,2148.21044921875,2404.0,2404.0,2359.0,2360.0,19700
2021-07-13,2162.508056640625,2420.0,2420.0,2383.0,2383.0,17200
2021-07-14,2161.614501953125,2419.0,2434.0,2406.0,2427.0,14000
2021-07-15,2153.57177734375,2410.0,2427.0,2410.0,2420.0,13400
2021-07-16,2147.31689453125,2403.0,2408.0,2395.0,2403.0,9900
2021-07-19,2123.18994140625,2376.0,2391.0,2368.0,2391.0,10000
2021-07-20,2098.168701171875,2348.0,2376.0,2344.0,2376.0,14600
2021-07-21,2111.572998046875,2363.0,2369.0,2348.0,2351.0,13400
2021-07-26,2150.890869140625,2407.0,2407.0,2390.0,2394.0,10300
2021-07-27,2178.5927734375,2438.0,2443.0,2411.0,2419.0,11600
2021-07-28,2161.614501953125,2419.0,2439.0,2419.0,2438.0,20400
2021-07-29,2142.8486328125,2398.0,2415.0,2395.0,2415.0,10200
2021-07-30,2137.487060546875,2392.0,2401.0,2379.0,2398.0,10300
2021-08-02,2166.9755859375,2425.0,2426.0,2392.0,2392.0,10100
2021-08-03,2134.806396484375,2389.0,2429.0,2385.0,2410.0,6200
2021-08-04,2130.33837890625,2384.0,2396.0,2382.0,2388.0,7000
2021-08-05,2142.8486328125,2398.0,2398.0,2365.0,2370.0,9600
2021-08-06,2147.31689453125,2403.0,2403.0,2380.0,2398.0,3300
2021-08-10,2144.635986328125,2400.0,2443.0,2391.0,2443.0,8400
2021-08-11,2164.295166015625,2422.0,2442.0,2400.0,2400.0,11700
2021-08-12,2144.635986328125,2400.0,2454.0,2396.0,2422.0,8300
2021-08-13,2162.508056640625,2420.0,2442.0,2397.0,2442.0,8200
2021-08-16,2122.2958984375,2375.0,2412.0,2370.0,2412.0,13300
2021-08-17,2117.827880859375,2370.0,2383.0,2360.0,2371.0,12200
2021-08-18,2138.38037109375,2393.0,2400.0,2362.0,2362.0,11900
2021-08-19,2144.635986328125,2400.0,2413.0,2389.0,2400.0,12600
2021-08-20,2144.635986328125,2400.0,2406.0,2387.0,2400.0,14400
2021-08-23,2156.25244140625,2413.0,2442.0,2410.0,2420.0,16300
2021-08-24,2159.827392578125,2417.0,2424.0,2408.0,2413.0,9200
2021-08-25,2165.1884765625,2423.0,2437.0,2417.0,2419.0,10900
2021-08-26,2188.422607421875,2449.0,2453.0,2430.0,2430.0,9300
2021-08-27,2166.9755859375,2425.0,2431.0,2416.0,2430.0,15900
2021-08-30,2175.911865234375,2435.0,2459.0,2428.0,2435.0,8300
2021-08-31,2197.358154296875,2459.0,2464.0,2434.0,2435.0,12100
2021-09-01,2175.01806640625,2434.0,2472.0,2426.0,2465.0,27800
2021-09-02,2161.614501953125,2419.0,2447.0,2408.0,2432.0,19100
2021-09-03,2189.315673828125,2450.0,2469.0,2419.0,2419.0,21800
2021-09-06,2202.719970703125,2465.0,2480.0,2448.0,2479.0,11000
2021-09-07,2195.571044921875,2457.0,2490.0,2439.0,2465.0,17100
2021-09-08,2197.358154296875,2459.0,2461.0,2442.0,2457.0,14200
2021-09-09,2210.762451171875,2474.0,2474.0,2454.0,2459.0,11900
2021-09-10,2240.250732421875,2507.0,2507.0,2456.0,2456.0,21400
2021-09-13,2268.845947265625,2539.0,2539.0,2489.0,2500.0,12100
2021-09-14,2270.633056640625,2541.0,2541.0,2497.0,2535.0,20200
2021-09-15,2208.974853515625,2472.0,2504.0,2471.0,2495.0,12300
2021-09-16,2211.65576171875,2475.0,2481.0,2460.0,2481.0,8300
2021-09-17,2215.22998046875,2479.0,2493.0,2460.0,2492.0,14500
2021-09-21,2188.422607421875,2449.0,2479.0,2449.0,2479.0,14800
2021-09-22,2161.614501953125,2419.0,2458.0,2416.0,2448.0,16900
2021-09-24,2213.443115234375,2477.0,2477.0,2444.0,2454.0,12100
2021-09-27,2189.315673828125,2450.0,2492.0,2440.0,2477.0,12500
2021-09-28,2196.464599609375,2458.0,2458.0,2420.0,2451.0,14100
2021-09-29,2187.4365234375,2423.0,2430.0,2415.0,2419.0,19400
2021-09-30,2195.561767578125,2432.0,2465.0,2423.0,2423.0,10900
2021-10-01,2162.158935546875,2395.0,2418.0,2390.0,2410.0,20300
2021-10-04,2149.52001953125,2381.0,2397.0,2362.0,2395.0,10000
2021-10-05,2117.02001953125,2345.0,2363.0,2320.0,2356.0,24500
2021-10-06,2126.0478515625,2355.0,2408.0,2340.0,2378.0,24400
2021-10-07,2121.53369140625,2350.0,2377.0,2336.0,2355.0,18100
2021-10-08,2126.0478515625,2355.0,2361.0,2337.0,2340.0,19900
2021-10-11,2149.52001953125,2381.0,2387.0,2344.0,2344.0,16800
2021-10-12,2131.464599609375,2361.0,2381.0,2350.0,2381.0,18900
2021-10-13,2130.5615234375,2360.0,2362.0,2340.0,2362.0,10300
2021-10-14,2106.186767578125,2333.0,2347.0,2326.0,2347.0,11600
2021-10-15,2139.589599609375,2370.0,2376.0,2328.0,2328.0,12500
2021-10-18,2127.853271484375,2357.0,2377.0,2341.0,2370.0,12700
2021-10-19,2193.756103515625,2430.0,2435.0,2379.0,2386.0,19700
2021-10-20,2177.50634765625,2412.0,2421.0,2389.0,2421.0,8600
2021-10-21,2149.52001953125,2381.0,2426.0,2381.0,2402.0,6900
2021-10-22,2145.00634765625,2376.0,2390.0,2357.0,2358.0,10500
2021-10-25,2163.96484375,2397.0,2426.0,2375.0,2426.0,14400
2021-10-26,2179.3115234375,2414.0,2428.0,2395.0,2399.0,12100
2021-10-27,2177.50634765625,2412.0,2423.0,2401.0,2421.0,11100
2021-10-28,2200.978759765625,2438.0,2467.0,2394.0,2395.0,98600
2021-10-29,2184.728515625,2420.0,2449.0,2403.0,2449.0,7800
2021-11-01,2200.075927734375,2437.0,2437.0,2413.0,2420.0,7700
2021-11-02,2172.9921875,2407.0,2443.0,2402.0,2443.0,8300
2021-11-04,2216.32568359375,2455.0,2463.0,2406.0,2410.0,11900
2021-11-05,2163.06201171875,2396.0,2439.0,2396.0,2437.0,5000
2021-11-08,2172.9921875,2407.0,2437.0,2396.0,2436.0,8800
2021-11-09,2152.228515625,2384.0,2445.0,2381.0,2402.0,6900
2021-11-10,2180.21484375,2415.0,2422.0,2389.0,2394.0,6700
2021-11-11,2122.436767578125,2351.0,2429.0,2351.0,2385.0,8100
2021-11-12,2194.65869140625,2431.0,2433.0,2366.0,2366.0,9600
2021-11-15,2163.06201171875,2396.0,2436.0,2396.0,2432.0,4000
2021-11-16,2147.714599609375,2379.0,2414.0,2371.0,2414.0,6700
2021-11-17,2112.505859375,2340.0,2383.0,2340.0,2379.0,5800
2021-11-18,2076.395263671875,2300.0,2345.0,2280.0,2341.0,17700
2021-11-19,2073.6865234375,2297.0,2297.0,2281.0,2281.0,11900
2021-11-22,2076.395263671875,2300.0,2302.0,2278.0,2286.0,11000
2021-11-24,2083.616943359375,2308.0,2315.0,2289.0,2311.0,9700
2021-11-25,2100.77001953125,2327.0,2348.0,2308.0,2348.0,9600
2021-11-26,2088.130859375,2313.0,2341.0,2300.0,2341.0,13100
2021-11-29,2052.01953125,2273.0,2315.0,2270.0,2273.0,9400
2021-11-30,2085.422607421875,2310.0,2338.0,2304.0,2315.0,15500
2021-12-01,2104.381103515625,2331.0,2336.0,2302.0,2310.0,8900
2021-12-02,2075.491943359375,2299.0,2342.0,2286.0,2340.0,26500
2021-12-03,2117.922607421875,2346.0,2346.0,2300.0,2332.0,6100
2021-12-06,2073.6865234375,2297.0,2332.0,2297.0,2322.0,9600
2021-12-07,2123.33935546875,2352.0,2352.0,2302.0,2335.0,10800
2021-12-08,2135.978271484375,2366.0,2373.0,2345.0,2373.0,10300
2021-12-09,2132.367431640625,2362.0,2376.0,2334.0,2364.0,5600
2021-12-10,2142.2978515625,2373.0,2390.0,2347.0,2390.0,12800
2021-12-13,2179.3115234375,2414.0,2460.0,2398.0,2453.0,17300
2021-12-14,2173.8955078125,2408.0,2421.0,2386.0,2421.0,6500
2021-12-15,2192.853271484375,2429.0,2435.0,2396.0,2396.0,3300
2021-12-16,2210.9091796875,2449.0,2467.0,2395.0,2449.0,6300
2021-12-17,2171.186767578125,2405.0,2438.0,2405.0,2408.0,5700
2021-12-20,2128.75634765625,2358.0,2426.0,2358.0,2413.0,8200
2021-12-21,2150.422607421875,2382.0,2394.0,2358.0,2393.0,6100
2021-12-22,2140.492431640625,2371.0,2394.0,2365.0,2394.0,4300
2021-12-23,2154.03369140625,2386.0,2409.0,2373.0,2394.0,2900
2021-12-24,2170.2841796875,2404.0,2404.0,2394.0,2394.0,2200
2021-12-27,2218.13134765625,2457.0,2470.0,2418.0,2470.0,12500
2021-12-28,2239.79833984375,2481.0,2483.0,2444.0,2447.0,6300
2021-12-29,2228.96484375,2469.0,2472.0,2435.0,2459.0,6300
2021-12-30,2195.561767578125,2432.0,2462.0,2432.0,2441.0,3700
2022-01-04,2191.950927734375,2428.0,2436.0,2415.0,2428.0,7200
2022-01-05,2185.631103515625,2421.0,2447.0,2413.0,2447.0,5800
2022-01-06,2161.255859375,2394.0,2418.0,2394.0,2418.0,7700
2022-01-07,2145.00634765625,2376.0,2414.0,2352.0,2400.0,14400
2022-01-11,2153.130859375,2385.0,2385.0,2344.0,2371.0,13300
2022-01-12,2156.742431640625,2389.0,2401.0,2382.0,2382.0,4600
2022-01-13,2128.75634765625,2358.0,2395.0,2358.0,2389.0,7400
2022-01-14,2136.88134765625,2367.0,2380.0,2350.0,2358.0,10500
2022-01-17,2145.908935546875,2377.0,2395.0,2366.0,2380.0,6100
2022-01-18,2144.103271484375,2375.0,2396.0,2366.0,2377.0,8000
2022-01-19,2121.53369140625,2350.0,2374.0,2350.0,2374.0,11900
2022-01-20,2109.7978515625,2337.0,2379.0,2335.0,2374.0,12800
2022-01-21,2110.70068359375,2338.0,2342.0,2329.0,2337.0,4700
2022-01-24,2112.505859375,2340.0,2348.0,2316.0,2316.0,6400
2022-01-25,2089.936279296875,2315.0,2390.0,2304.0,2390.0,13000
2022-01-26,2067.3671875,2290.0,2330.0,2288.0,2330.0,13500
2022-01-27,2069.1728515625,2292.0,2293.0,2260.0,2290.0,28000
2022-01-28,2079.103271484375,2303.0,2315.0,2288.0,2315.0,6600
2022-01-31,2117.922607421875,2346.0,2349.0,2310.0,2310.0,5500
2022-02-01,2121.53369140625,2350.0,2366.0,2350.0,2366.0,4000
2022-02-02,2145.00634765625,2376.0,2382.0,2357.0,2363.0,4800
2022-02-03,2132.367431640625,2362.0,2389.0,2362.0,2386.0,5700
2022-02-04,2178.408935546875,2413.0,2419.0,2367.0,2367.0,6900
2022-02-07,2130.5615234375,2360.0,2412.0,2360.0,2412.0,6900
2022-02-08,2121.53369140625,2350.0,2410.0,2350.0,2394.0,6800
2022-02-09,2170.2841796875,2404.0,2404.0,2326.0,2341.0,10100
2022-02-10,2194.65869140625,2431.0,2431.0,2407.0,2414.0,7800
2022-02-14,2177.50634765625,2412.0,2445.0,2412.0,2430.0,11000
2022-02-15,2140.492431640625,2371.0,2418.0,2370.0,2412.0,13300
2022-02-16,2174.798095703125,2409.0,2420.0,2386.0,2412.0,4900
2022-02-17,2137.7841796875,2368.0,2396.0,2362.0,2396.0,8000
2022-02-18,2148.617431640625,2380.0,2380.0,2355.0,2369.0,8300
2022-02-21,2128.75634765625,2358.0,2378.0,2346.0,2348.0,6900
2022-02-22,2119.728271484375,2348.0,2359.0,2323.0,2358.0,17600
2022-02-24,2120.630859375,2349.0,2350.0,2321.0,2325.0,19000
2022-02-25,2157.64501953125,2390.0,2396.0,2333.0,2392.0,36900
2022-02-28,2151.325927734375,2383.0,2399.0,2368.0,2396.0,39600
2022-03-01,2157.64501953125,2390.0,2413.0,2376.0,2413.0,26900
2022-03-02,2136.88134765625,2367.0,2384.0,2359.0,2367.0,20100
2022-03-03,2156.742431640625,2389.0,2403.0,2381.0,2394.0,16800
2022-03-04,2150.422607421875,2382.0,2401.0,2380.0,2394.0,61800
2022-03-07,2130.5615234375,2360.0,2364.0,2341.0,2360.0,40400
2022-03-08,2106.186767578125,2333.0,2351.0,2318.0,2350.0,31000
2022-03-09,2106.186767578125,2333.0,2349.0,2320.0,2333.0,58400
2022-03-10,2162.158935546875,2395.0,2395.0,2361.0,2383.0,29300
2022-03-11,2154.93701171875,2387.0,2395.0,2372.0,2380.0,163200
2022-03-14,2186.5341796875,2422.0,2427.0,2375.0,2405.0,58500
2022-03-15,2221.742431640625,2461.0,2464.0,2416.0,2416.0,41600
2022-03-16,2246.117431640625,2488.0,2489.0,2446.0,2489.0,35400
2022-03-17,2249.728515625,2492.0,2523.0,2457.0,2523.0,68700
2022-03-18,2315.631591796875,2565.0,2565.0,2506.0,2530.0,57200
2022-03-22,2311.11767578125,2560.0,2597.0,2541.0,2597.0,47400
2022-03-23,2338.201171875,2590.0,2598.0,2554.0,2572.0,30600
2022-03-24,2348.131591796875,2601.0,2601.0,2538.0,2576.0,33600
2022-03-25,2343.617919921875,2596.0,2669.0,2584.0,2633.0,64000
2022-03-28,2350.83984375,2604.0,2650.0,2596.0,2618.0,57900
2022-03-29,2297.57568359375,2545.0,2593.0,2506.0,2593.0,148600
2022-03-30,2272.959228515625,2493.0,2514.0,2463.0,2514.0,69000
2022-03-31,2255.636474609375,2474.0,2489.0,2468.0,2482.0,21200
2022-04-01,2236.48974609375,2453.0,2464.0,2438.0,2461.0,24300
2022-04-04,2289.37060546875,2511.0,2523.0,2450.0,2450.0,25800
2022-04-05,2262.930419921875,2482.0,2530.0,2480.0,2530.0,20200
2022-04-06,2259.283203125,2478.0,2493.0,2455.0,2482.0,8200
2022-04-07,2254.724853515625,2473.0,2478.0,2453.0,2478.0,10800
2022-04-08,2296.664306640625,2519.0,2521.0,2473.0,2473.0,28200
2022-04-11,2286.635498046875,2508.0,2508.0,2493.0,2503.0,16900
2022-04-12,2259.283203125,2478.0,2503.0,2478.0,2481.0,11600
2022-04-13,2235.578125,2452.0,2476.0,2438.0,2452.0,46500
2022-04-14,2226.460693359375,2442.0,2483.0,2419.0,2452.0,43200
2022-04-15,2190.903076171875,2403.0,2453.0,2386.0,2453.0,31200
2022-04-18,2139.845703125,2347.0,2361.0,2327.0,2355.0,28200
2022-04-19,2115.228759765625,2320.0,2356.0,2319.0,2347.0,58300
2022-04-20,2145.315673828125,2353.0,2357.0,2314.0,2354.0,35200
2022-04-21,2154.433837890625,2363.0,2378.0,2338.0,2356.0,41300
2022-04-22,2164.462646484375,2374.0,2376.0,2321.0,2321.0,49900
2022-04-25,2107.9345703125,2312.0,2398.0,2286.0,2348.0,33700
2022-04-26,2132.5517578125,2339.0,2341.0,2299.0,2301.0,25600
2022-04-27,2120.699462890625,2326.0,2328.0,2297.0,2306.0,46300
2022-04-28,2188.16796875,2400.0,2400.0,2318.0,2319.0,23500
2022-05-02,2189.07958984375,2401.0,2415.0,2387.0,2415.0,29300
2022-05-06,2219.166748046875,2434.0,2448.0,2401.0,2401.0,19000
2022-05-09,2210.049560546875,2424.0,2449.0,2418.0,2449.0,14900
2022-05-10,2245.60693359375,2463.0,2464.0,2397.0,2418.0,26200
2022-05-11,2220.07861328125,2435.0,2463.0,2420.0,2463.0,24300
2022-05-12,2186.34423828125,2398.0,2422.0,2364.0,2422.0,29800
2022-05-13,2203.66748046875,2417.0,2427.0,2348.0,2348.0,38200
2022-05-16,2215.519775390625,2430.0,2445.0,2414.0,2439.0,39100
2022-05-17,2230.107666015625,2446.0,2462.0,2429.0,2452.0,18400
2022-05-18,2256.548095703125,2475.0,2475.0,2446.0,2446.0,23400
2022-05-19,2179.05029296875,2390.0,2441.0,2367.0,2426.0,25300
2022-05-20,2220.07861328125,2435.0,2435.0,2377.0,2429.0,22700
2022-05-23,2256.548095703125,2475.0,2475.0,2441.0,2473.0,32500
2022-05-24,2241.960205078125,2459.0,2462.0,2441.0,2454.0,21900
2022-05-25,2183.60888671875,2395.0,2482.0,2380.0,2482.0,32500
2022-05-26,2208.225830078125,2422.0,2429.0,2371.0,2371.0,41900
2022-05-27,2231.01904296875,2447.0,2475.0,2401.0,2458.0,30500
2022-05-30,2203.66748046875,2417.0,2481.0,2414.0,2447.0,47200
2022-05-31,2228.284423828125,2444.0,2467.0,2430.0,2467.0,19500
2022-06-01,2284.811767578125,2506.0,2525.0,2469.0,2475.0,19700
2022-06-02,2241.04833984375,2458.0,2510.0,2441.0,2510.0,18700
2022-06-03,2264.753662109375,2484.0,2492.0,2458.0,2458.0,10200
2022-06-06,2270.22412109375,2490.0,2498.0,2451.0,2451.0,11100
2022-06-07,2273.87109375,2494.0,2508.0,2468.0,2468.0,16900
2022-06-08,2277.517822265625,2498.0,2515.0,2483.0,2490.0,12200
2022-06-09,2241.960205078125,2459.0,2501.0,2457.0,2492.0,23300
2022-06-10,2215.519775390625,2430.0,2465.0,2430.0,2440.0,15500
2022-06-13,2226.460693359375,2442.0,2448.0,2420.0,2420.0,11600
2022-06-14,2203.66748046875,2417.0,2442.0,2408.0,2442.0,16600
2022-06-15,2205.49072265625,2419.0,2450.0,2410.0,2414.0,18700
2022-06-16,2212.7841796875,2427.0,2462.0,2417.0,2462.0,12100
2022-06-17,2170.8447265625,2381.0,2423.0,2381.0,2400.0,25000
2022-06-20,2182.69677734375,2394.0,2402.0,2378.0,2395.0,14200
2022-06-21,2196.37353515625,2409.0,2427.0,2381.0,2394.0,11000
2022-06-22,2190.903076171875,2403.0,2443.0,2403.0,2443.0,8000
2022-06-23,2211.872802734375,2426.0,2436.0,2399.0,2399.0,11700
2022-06-24,2229.19580078125,2445.0,2462.0,2426.0,2426.0,6500
2022-06-27,2251.9892578125,2470.0,2495.0,2463.0,2495.0,13800
2022-06-28,2253.8125,2472.0,2480.0,2454.0,2480.0,4400
2022-06-29,2222.813720703125,2438.0,2478.0,2437.0,2437.0,29000
2022-06-30,2229.19580078125,2445.0,2466.0,2436.0,2452.0,15800
2022-07-01,2226.460693359375,2442.0,2456.0,2413.0,2413.0,11900
2022-07-04,2255.636474609375,2474.0,2484.0,2457.0,2484.0,12700
2022-07-05,2267.48876953125,2487.0,2487.0,2463.0,2476.0,10600
2022-07-06,2256.548095703125,2475.0,2484.0,2454.0,2454.0,9500
2022-07-07,2266.5771484375,2486.0,2500.0,2459.0,2476.0,12700
2022-07-08,2256.548095703125,2475.0,2502.0,2459.0,2477.0,24900
2022-07-11,2315.81103515625,2540.0,2540.0,2492.0,2534.0,26500
2022-07-12,2289.37060546875,2511.0,2531.0,2505.0,2512.0,13300
2022-07-13,2281.164794921875,2502.0,2517.0,2497.0,2508.0,9600
2022-07-14,2280.2529296875,2501.0,2511.0,2473.0,2492.0,7000
2022-07-15,2283.89990234375,2505.0,2513.0,2492.0,2501.0,2400
2022-07-19,2269.3125,2489.0,2504.0,2482.0,2504.0,2800
2022-07-20,2306.693603515625,2530.0,2538.0,2505.0,2538.0,11500
2022-07-21,2343.162841796875,2570.0,2575.0,2521.0,2528.0,9700
2022-07-22,2336.78076171875,2563.0,2573.0,2550.0,2570.0,4300
2022-07-25,2363.22119140625,2592.0,2600.0,2548.0,2598.0,13500
2022-07-26,2365.956298828125,2595.0,2601.0,2580.0,2582.0,6700
2022-07-27,2365.956298828125,2595.0,2607.0,2568.0,2568.0,6800
2022-07-28,2385.102783203125,2616.0,2623.0,2541.0,2582.0,18700
2022-07-29,2372.33837890625,2602.0,2604.0,2583.0,2603.0,6800
2022-08-01,2395.132080078125,2627.0,2627.0,2592.0,2602.0,13500
2022-08-02,2367.77978515625,2597.0,2627.0,2589.0,2627.0,6900
2022-08-03,2380.544189453125,2611.0,2616.0,2580.0,2585.0,9600
2022-08-04,2382.36767578125,2613.0,2621.0,2598.0,2611.0,11000
2022-08-05,2390.5732421875,2622.0,2627.0,2599.0,2627.0,10100
2022-08-08,2384.19091796875,2615.0,2628.0,2600.0,2627.0,4500
2022-08-09,2342.2509765625,2569.0,2617.0,2558.0,2612.0,7600
2022-08-10,2402.42578125,2635.0,2635.0,2568.0,2594.0,13100
2022-08-12,2404.24951171875,2637.0,2637.0,2616.0,2635.0,10900
2022-08-15,2423.3955078125,2658.0,2658.0,2627.0,2637.0,13900
2022-08-16,2427.954345703125,2663.0,2677.0,2651.0,2660.0,9800
2022-08-17,2429.778076171875,2665.0,2689.0,2665.0,2684.0,4800
2022-08-18,2429.778076171875,2665.0,2675.0,2658.0,2671.0,5700
2022-08-19,2436.160400390625,2672.0,2680.0,2660.0,2665.0,16700
2022-08-22,2429.778076171875,2665.0,2672.0,2658.0,2672.0,8400
2022-08-23,2420.660400390625,2655.0,2671.0,2645.0,2665.0,6200
2022-08-24,2416.101806640625,2650.0,2663.0,2639.0,2655.0,5500
2022-08-25,2435.248291015625,2671.0,2677.0,2655.0,2677.0,6900
2022-08-26,2427.042724609375,2662.0,2671.0,2655.0,2671.0,2200
2022-08-29,2389.66162109375,2621.0,2655.0,2621.0,2655.0,7400
2022-08-30,2423.3955078125,2658.0,2658.0,2615.0,2621.0,5100
2022-08-31,2425.21923828125,2660.0,2662.0,2650.0,2661.0,3600
2022-09-01,2399.69091796875,2632.0,2666.0,2627.0,2627.0,6200
2022-09-02,2372.33837890625,2602.0,2660.0,2601.0,2660.0,8900
2022-09-05,2336.78076171875,2563.0,2606.0,2563.0,2600.0,5300
2022-09-06,2329.487060546875,2555.0,2589.0,2552.0,2563.0,12400
2022-09-07,2305.78173828125,2529.0,2566.0,2525.0,2560.0,6200
2022-09-08,2365.956298828125,2595.0,2620.0,2559.0,2559.0,10100
2022-09-09,2353.19189453125,2581.0,2603.0,2580.0,2586.0,11600
2022-09-12,2372.33837890625,2602.0,2626.0,2595.0,2618.0,2200
2022-09-13,2365.956298828125,2595.0,2607.0,2589.0,2607.0,1800
2022-09-14,2354.103759765625,2582.0,2596.0,2571.0,2577.0,5900
2022-09-15,2336.78076171875,2563.0,2576.0,2533.0,2576.0,3300
2022-09-16,2378.720458984375,2609.0,2622.0,2533.0,2533.0,10600
2022-09-20,2391.485107421875,2623.0,2647.0,2602.0,2605.0,8900
2022-09-21,2373.250244140625,2603.0,2627.0,2603.0,2627.0,2700
2022-09-22,2394.219970703125,2626.0,2628.0,2592.0,2607.0,6700
2022-09-26,2394.219970703125,2626.0,2675.0,2611.0,2675.0,21900
2022-09-27,2396.04345703125,2628.0,2641.0,2620.0,2634.0,12100
2022-09-28,2404.24951171875,2637.0,2661.0,2577.0,2628.0,20800
2022-09-29,2450.2724609375,2662.0,2662.0,2612.0,2612.0,5900
2022-09-30,2407.930908203125,2616.0,2667.0,2616.0,2667.0,6000
2022-10-03,2407.010498046875,2615.0,2629.0,2600.0,2615.0,5000
2022-10-04,2476.966064453125,2691.0,2704.0,2621.0,2659.0,21500
2022-10-05,2464.079345703125,2677.0,2710.0,2673.0,2705.0,6500
2022-10-06,2465.92041015625,2679.0,2699.0,2661.0,2679.0,8900
2022-10-07,2420.817626953125,2630.0,2679.0,2621.0,2679.0,8000
2022-10-11,2386.760498046875,2593.0,2621.0,2554.0,2621.0,13900
2022-10-12,2366.510009765625,2571.0,2616.0,2571.0,2576.0,11200
2022-10-13,2354.544189453125,2558.0,2571.0,2550.0,2571.0,5800
2022-10-14,2378.4765625,2584.0,2608.0,2559.0,2608.0,17900
2022-10-17,2360.06689453125,2564.0,2587.0,2564.0,2581.0,5700
2022-10-18,2383.078857421875,2589.0,2614.0,2562.0,2614.0,5800
2022-10-19,2366.510009765625,2571.0,2594.0,2570.0,2571.0,4900
2022-10-20,2347.180419921875,2550.0,2573.0,2547.0,2566.0,5100
2022-10-21,2334.294189453125,2536.0,2551.0,2536.0,2547.0,1400
2022-10-24,2343.4990234375,2546.0,2546.0,2502.0,2536.0,3300
2022-10-25,2326.930419921875,2528.0,2561.0,2527.0,2561.0,10100
2022-10-26,2336.134765625,2538.0,2547.0,2528.0,2528.0,6500
2022-10-27,2324.1689453125,2525.0,2545.0,2525.0,2545.0,3000
2022-10-28,2289.191650390625,2487.0,2541.0,2487.0,2507.0,36500
2022-10-31,2301.157470703125,2500.0,2537.0,2491.0,2537.0,6700
2022-11-01,2314.964599609375,2515.0,2555.0,2504.0,2512.0,12100
2022-11-02,2309.441650390625,2509.0,2532.0,2507.0,2515.0,9400
2022-11-04,2258.81640625,2454.0,2591.0,2440.0,2561.0,43200
2022-11-07,2324.1689453125,2525.0,2526.0,2472.0,2472.0,10400
2022-11-08,2314.044189453125,2514.0,2530.0,2498.0,2525.0,12900
2022-11-09,2368.351318359375,2573.0,2578.0,2515.0,2515.0,12400
2022-11-10,2332.452880859375,2534.0,2543.0,2488.0,2534.0,7400
2022-11-11,2342.577880859375,2545.0,2562.0,2498.0,2498.0,16900
2022-11-14,2334.294189453125,2536.0,2585.0,2526.0,2561.0,19100
2022-11-15,2328.771484375,2530.0,2536.0,2508.0,2536.0,5500
2022-11-16,2337.97607421875,2540.0,2541.0,2502.0,2502.0,7000
2022-11-17,2349.021728515625,2552.0,2552.0,2511.0,2511.0,6900
2022-11-18,2386.760498046875,2593.0,2609.0,2555.0,2555.0,14800
2022-11-21,2430.94287109375,2641.0,2641.0,2574.0,2593.0,14000
2022-11-22,2479.72705078125,2694.0,2697.0,2625.0,2640.0,20000
2022-11-24,2551.5234375,2772.0,2780.0,2699.0,2699.0,24100
2022-11-25,2573.614501953125,2796.0,2830.0,2759.0,2800.0,21300
2022-11-28,2603.0693359375,2828.0,2837.0,2782.0,2800.0,19500
2022-11-29,2593.864990234375,2818.0,2823.0,2774.0,2782.0,14400
2022-11-30,2563.489501953125,2785.0,2818.0,2785.0,2818.0,6000
2022-12-01,2604.910400390625,2830.0,2854.0,2785.0,2785.0,16100
2022-12-02,2566.250732421875,2788.0,2837.0,2784.0,2803.0,12600
2022-12-05,2625.16015625,2852.0,2853.0,2788.0,2788.0,12600
2022-12-06,2573.614501953125,2796.0,2830.0,2793.0,2824.0,7100
2022-12-07,2548.76220703125,2769.0,2793.0,2766.0,2788.0,5900
2022-12-08,2520.227783203125,2738.0,2795.0,2721.0,2768.0,10500
2022-12-09,2523.90966796875,2742.0,2780.0,2688.0,2688.0,12300
2022-12-12,2577.296142578125,2800.0,2860.0,2792.0,2842.0,23400
2022-12-13,2603.0693359375,2828.0,2855.0,2811.0,2850.0,11500
2022-12-14,2572.694091796875,2795.0,2812.0,2786.0,2811.0,7700
2022-12-15,2554.284912109375,2775.0,2790.0,2774.0,2790.0,1800
2022-12-16,2498.13623046875,2714.0,2799.0,2714.0,2799.0,19900
2022-12-19,2465.92041015625,2679.0,2743.0,2670.0,2695.0,19600
2022-12-20,2386.760498046875,2593.0,2727.0,2578.0,2727.0,24800
2022-12-21,2418.056396484375,2627.0,2686.0,2595.0,2595.0,14200
2022-12-22,2490.772705078125,2706.0,2722.0,2649.0,2661.0,12900
2022-12-23,2504.57958984375,2721.0,2761.0,2690.0,2690.0,5800
2022-12-26,2543.239013671875,2763.0,2794.0,2736.0,2788.0,15100
2022-12-27,2511.02294921875,2728.0,2740.0,2721.0,2721.0,4700
2022-12-28,2534.03466796875,2753.0,2766.0,2723.0,2728.0,13900
2022-12-29,2563.489501953125,2785.0,2785.0,2745.0,2785.0,13800
2022-12-30,2577.296142578125,2800.0,2835.0,2792.0,2814.0,6000
2023-01-04,2466.8408203125,2680.0,2800.0,2679.0,2800.0,6800
2023-01-05,2374.794189453125,2580.0,2646.0,2580.0,2641.0,8700
2023-01-06,2403.328857421875,2611.0,2615.0,2573.0,2586.0,12400
2023-01-10,2366.510009765625,2571.0,2626.0,2565.0,2611.0,11800
2023-01-11,2383.078857421875,2589.0,2601.0,2573.0,2573.0,11200
2023-01-12,2413.4541015625,2622.0,2625.0,2599.0,2606.0,5600
2023-01-13,2336.134765625,2538.0,2628.0,2537.0,2622.0,17800
2023-01-16,2303.9189453125,2503.0,2541.0,2501.0,2504.0,13300
2023-01-17,2317.725830078125,2518.0,2526.0,2508.0,2525.0,9200
2023-01-18,2326.010009765625,2527.0,2543.0,2505.0,2518.0,16500
2023-01-19,2314.964599609375,2515.0,2527.0,2509.0,2518.0,8100
2023-01-20,2328.771484375,2530.0,2541.0,2504.0,2515.0,7600
2023-01-23,2324.1689453125,2525.0,2539.0,2515.0,2532.0,15400
2023-01-24,2358.22607421875,2562.0,2562.0,2526.0,2526.0,17100
2023-01-25,2369.271728515625,2574.0,2588.0,2538.0,2578.0,14300
2023-01-26,2365.589599609375,2570.0,2586.0,2570.0,2581.0,4500
2023-01-27,2340.7373046875,2543.0,2570.0,2538.0,2570.0,14700
2023-01-30,2332.452880859375,2534.0,2557.0,2523.0,2544.0,18200
2023-01-31,2341.65771484375,2544.0,2562.0,2531.0,2534.0,9700
2023-02-01,2330.612060546875,2532.0,2560.0,2525.0,2543.0,7400
2023-02-02,2326.010009765625,2527.0,2559.0,2520.0,2527.0,13100
2023-02-03,2334.294189453125,2536.0,2540.0,2520.0,2527.0,13400
2023-02-06,2338.896484375,2541.0,2564.0,2527.0,2552.0,19000
2023-02-07,2324.1689453125,2525.0,2558.0,2520.0,2557.0,8500
2023-02-08,2345.33984375,2548.0,2549.0,2530.0,2530.0,7300
2023-02-09,2408.851318359375,2617.0,2626.0,2553.0,2553.0,17900
2023-02-10,2354.544189453125,2558.0,2619.0,2551.0,2596.0,37500
2023-02-13,2347.180419921875,2550.0,2564.0,2528.0,2545.0,19500
2023-02-14,2378.4765625,2584.0,2585.0,2551.0,2551.0,10800
2023-02-15,2383.078857421875,2589.0,2618.0,2571.0,2618.0,15300
2023-02-16,2376.63525390625,2582.0,2609.0,2570.0,2592.0,14500
2023-02-17,2360.987548828125,2565.0,2584.0,2562.0,2575.0,19000
2023-02-20,2366.510009765625,2571.0,2582.0,2557.0,2565.0,17300
2023-02-21,2353.623779296875,2557.0,2580.0,2552.0,2571.0,21100
2023-02-22,2350.862548828125,2554.0,2559.0,2537.0,2551.0,14000
2023-02-24,2383.999267578125,2590.0,2595.0,2548.0,2550.0,33400
2023-02-27,2384.91943359375,2591.0,2605.0,2574.0,2590.0,22200
2023-02-28,2349.94189453125,2553.0,2586.0,2553.0,2586.0,24000
2023-03-01,2379.39697265625,2585.0,2587.0,2533.0,2551.0,26800
2023-03-02,2360.987548828125,2565.0,2587.0,2561.0,2574.0,32000
2023-03-03,2337.055419921875,2539.0,2564.0,2537.0,2540.0,192200
2023-03-06,2363.7490234375,2568.0,2568.0,2536.0,2536.0,23600
2023-03-07,2374.794189453125,2580.0,2585.0,2552.0,2552.0,36400
2023-03-08,2393.2041015625,2600.0,2600.0,2550.0,2550.0,30100
2023-03-09,2393.2041015625,2600.0,2626.0,2560.0,2560.0,86900
2023-03-10,2384.91943359375,2591.0,2610.0,2579.0,2579.0,53600
2023-03-13,2372.032958984375,2577.0,2585.0,2548.0,2585.0,18200
2023-03-14,2323.24853515625,2524.0,2555.0,2508.0,2555.0,22400
2023-03-15,2333.373779296875,2535.0,2558.0,2521.0,2558.0,17300
2023-03-16,2287.3505859375,2485.0,2510.0,2469.0,2510.0,22900
2023-03-17,2287.3505859375,2485.0,2504.0,2480.0,2485.0,19300
2023-03-20,2266.18017578125,2462.0,2505.0,2462.0,2493.0,22000
2023-03-22,2316.80517578125,2517.0,2517.0,2487.0,2499.0,16800
2023-03-23,2309.441650390625,2509.0,2509.0,2481.0,2490.0,18500
2023-03-24,2319.56689453125,2520.0,2521.0,2495.0,2505.0,26400
2023-03-27,2329.69189453125,2531.0,2549.0,2528.0,2534.0,43500
2023-03-28,2309.441650390625,2509.0,2536.0,2501.0,2536.0,30000
2023-03-29,2355.465087890625,2559.0,2563.0,2505.0,2505.0,133200
2023-03-30,2360.153076171875,2517.0,2533.0,2496.0,2520.0,57500
2023-03-31,2370.4677734375,2528.0,2539.0,2503.0,2517.0,25500
2023-04-03,2421.102783203125,2582.0,2584.0,2540.0,2549.0,45400
2023-04-04,2428.604248046875,2590.0,2608.0,2555.0,2582.0,106100
2023-04-05,2380.782470703125,2539.0,2587.0,2536.0,2587.0,20500
2023-04-06,2384.533203125,2543.0,2566.0,2534.0,2536.0,25200
2023-04-07,2418.289794921875,2579.0,2584.0,2555.0,2557.0,22700
2023-04-10,2421.102783203125,2582.0,2610.0,2577.0,2604.0,19300
2023-04-11,2456.734619140625,2620.0,2626.0,2596.0,2610.0,21000
2023-04-12,2458.610107421875,2622.0,2630.0,2609.0,2611.0,24000
2023-04-13,2475.488525390625,2640.0,2646.0,2619.0,2620.0,30300
2023-04-14,2511.12060546875,2678.0,2680.0,2655.0,2655.0,25100
2023-04-17,2555.191650390625,2725.0,2727.0,2679.0,2695.0,25700
2023-04-18,2587.072998046875,2759.0,2781.0,2742.0,2750.0,28500
2023-04-19,2551.44091796875,2721.0,2748.0,2688.0,2748.0,27500
2023-04-20,2577.696044921875,2749.0,2750.0,2712.0,2721.0,13300
2023-04-21,2564.568359375,2735.0,2760.0,2727.0,2749.0,16900
2023-04-24,2569.25732421875,2740.0,2755.0,2729.0,2738.0,20500
2023-04-25,2572.070068359375,2743.0,2780.0,2735.0,2754.0,25100
2023-04-26,2556.129638671875,2726.0,2741.0,2724.0,2735.0,15600
2023-04-27,2565.50634765625,2736.0,2750.0,2728.0,2740.0,14900
2023-04-28,2589.885986328125,2762.0,2762.0,2732.0,2732.0,14300
2023-05-01,2574.883056640625,2746.0,2768.0,2735.0,2762.0,18500
2023-05-02,2583.322021484375,2755.0,2762.0,2727.0,2738.0,20000
2023-05-08,2618.95458984375,2793.0,2809.0,2749.0,2749.0,20400
2023-05-09,2657.3994140625,2834.0,2837.0,2792.0,2793.0,14600
2023-05-10,2660.21240234375,2837.0,2881.0,2814.0,2850.0,41300
2023-05-11,2678.966064453125,2857.0,2884.0,2815.0,2819.0,27400
2023-05-12,2733.351806640625,2915.0,2934.0,2830.0,2857.0,50300
2023-05-15,2739.915771484375,2922.0,2933.0,2869.0,2915.0,33500
2023-05-16,2752.10546875,2935.0,2939.0,2897.0,2903.0,18900
2023-05-17,2772.734619140625,2957.0,2960.0,2922.0,2937.0,25700
2023-05-18,2809.3046875,2996.0,3010.0,2974.0,2974.0,37400
2023-05-19,2817.743408203125,3005.0,3045.0,2986.0,2996.0,20000
2023-05-22,2831.80908203125,3020.0,3025.0,2999.0,3015.0,16200
2023-05-23,2836.497314453125,3025.0,3045.0,3020.0,3035.0,22900
2023-05-24,2747.417236328125,2930.0,3025.0,2919.0,3025.0,23900
2023-05-25,2747.417236328125,2930.0,2948.0,2908.0,2908.0,20400
2023-05-26,2719.28662109375,2900.0,2916.0,2894.0,2915.0,12400
2023-05-29,2714.59814453125,2895.0,2950.0,2895.0,2950.0,15500
2023-05-30,2711.78515625,2892.0,2916.0,2865.0,2900.0,10700
2023-05-31,2677.0908203125,2855.0,2894.0,2830.0,2892.0,33200
2023-06-01,2701.470458984375,2881.0,2913.0,2827.0,2834.0,27200
2023-06-02,2746.4794921875,2929.0,2940.0,2881.0,2881.0,19800
2023-06-05,2756.7939453125,2940.0,2970.0,2912.0,2957.0,32200
2023-06-06,2748.35498046875,2931.0,2948.0,2897.0,2900.0,8600
2023-06-07,2737.102783203125,2919.0,2966.0,2914.0,2957.0,19700
2023-06-08,2706.158935546875,2886.0,2919.0,2884.0,2919.0,16100
2023-06-09,2734.28955078125,2916.0,2945.0,2891.0,2891.0,22900
2023-06-12,2761.482421875,2945.0,2956.0,2926.0,2932.0,14500
2023-06-13,2767.108642578125,2951.0,2967.0,2943.0,2954.0,15100
2023-06-14,2768.98388671875,2953.0,2962.0,2923.0,2955.0,12900
2023-06-15,2794.30126953125,2980.0,3000.0,2951.0,2953.0,18200
2023-06-16,2836.497314453125,3025.0,3030.0,2998.0,3010.0,23200
2023-06-19,2827.120361328125,3015.0,3025.0,2986.0,3025.0,12000
2023-06-20,2845.8740234375,3035.0,3040.0,3000.0,3000.0,17300
2023-06-21,2864.627685546875,3055.0,3085.0,3035.0,3035.0,26600
2023-06-22,2850.5625,3040.0,3085.0,3040.0,3085.0,14700
2023-06-23,2811.1796875,2998.0,3065.0,2974.0,3050.0,23800
2023-06-26,2791.48828125,2977.0,2995.0,2951.0,2985.0,21000
2023-06-27,2794.30126953125,2980.0,2986.0,2944.0,2951.0,10900
2023-06-28,2801.802978515625,2988.0,3000.0,2971.0,2980.0,18100
2023-06-29,2794.30126953125,2980.0,2999.0,2967.0,2967.0,8400
2023-06-30,2723.975341796875,2905.0,2984.0,2905.0,2980.0,19100
2023-07-03,2746.4794921875,2929.0,2965.0,2912.0,2912.0,20700
2023-07-04,2723.975341796875,2905.0,2941.0,2902.0,2941.0,16800
2023-07-05,2698.6572265625,2878.0,2908.0,2866.0,2885.0,11600
2023-07-06,2669.58935546875,2847.0,2866.0,2839.0,2850.0,14500
2023-07-07,2636.770263671875,2812.0,2864.0,2808.0,2820.0,21200
2023-07-10,2628.331298828125,2803.0,2871.0,2800.0,2871.0,41800
2023-07-11,2605.826904296875,2779.0,2809.0,2775.0,2803.0,17800
2023-07-12,2597.3876953125,2770.0,2784.0,2754.0,2773.0,15400
2023-07-13,2605.826904296875,2779.0,2784.0,2751.0,2765.0,13800
2023-07-14,2616.141357421875,2790.0,2813.0,2783.0,2812.0,16800
2023-07-18,2663.963134765625,2841.0,2843.0,2790.0,2790.0,15700
2023-07-19,2679.90380859375,2858.0,2892.0,2837.0,2855.0,21700
2023-07-20,2636.770263671875,2812.0,2879.0,2809.0,2879.0,16300
2023-07-21,2638.645751953125,2814.0,2845.0,2805.0,2812.0,11300
2023-07-24,2684.59228515625,2863.0,2877.0,2827.0,2845.0,17600
2023-07-25,2684.59228515625,2863.0,2893.0,2853.0,2883.0,18600
2023-07-26,2690.218505859375,2869.0,2873.0,2845.0,2850.0,8000
2023-07-27,2663.963134765625,2841.0,2878.0,2840.0,2878.0,7700
2023-07-28,2634.895263671875,2810.0,2835.0,2801.0,2835.0,23800
2023-07-31,2659.274658203125,2836.0,2858.0,2823.0,2854.0,14000
2023-08-01,2656.461669921875,2833.0,2848.0,2826.0,2826.0,12100
2023-08-02,2690.218505859375,2869.0,2882.0,2832.0,2833.0,24100
2023-08-03,2699.59521484375,2879.0,2896.0,2845.0,2845.0,29900
2023-08-04,2668.6513671875,2846.0,2895.0,2830.0,2893.0,13800
2023-08-07,2720.224365234375,2901.0,2905.0,2837.0,2860.0,16600
2023-08-08,2709.90966796875,2890.0,2919.0,2890.0,2910.0,6900
2023-08-09,2713.66064453125,2894.0,2913.0,2869.0,2913.0,14200
2023-08-10,2747.417236328125,2930.0,2938.0,2894.0,2894.0,27100
2023-08-14,2777.423095703125,2962.0,3045.0,2949.0,2980.0,59700
2023-08-15,2748.35498046875,2931.0,2986.0,2931.0,2953.0,18100
2023-08-16,2706.158935546875,2886.0,2936.0,2886.0,2929.0,19200
2023-08-17,2798.989990234375,2985.0,3185.0,2970.0,3180.0,239300
2023-08-18,2731.4765625,2913.0,2962.0,2875.0,2962.0,76900
2023-08-21,2734.28955078125,2916.0,2950.0,2894.0,2897.0,41400
2023-08-22,2754.91845703125,2938.0,2952.0,2912.0,2916.0,32600
2023-08-23,2799.927490234375,2986.0,2988.0,2940.0,2946.0,34700
2023-08-24,2827.120361328125,3015.0,3035.0,2987.0,3000.0,26900
2023-08-25,2845.8740234375,3035.0,3035.0,2991.0,3015.0,34200
2023-08-28,2944.3310546875,3140.0,3140.0,3045.0,3050.0,36200
2023-08-29,3000.592529296875,3200.0,3210.0,3140.0,3140.0,42100
2023-08-30,3089.67236328125,3295.0,3310.0,3225.0,3225.0,39300
2023-08-31,3145.93310546875,3355.0,3385.0,3320.0,3325.0,33100
2023-09-01,3117.802978515625,3325.0,3370.0,3315.0,3355.0,23800
2023-09-04,3155.310546875,3365.0,3400.0,3345.0,3345.0,23300
2023-09-05,3211.571533203125,3425.0,3425.0,3355.0,3355.0,27300
2023-09-06,3263.14404296875,3480.0,3480.0,3430.0,3430.0,26400
2023-09-07,3244.390380859375,3460.0,3500.0,3460.0,3480.0,28400
2023-09-08,3220.9482421875,3435.0,3465.0,3430.0,3430.0,25000
2023-09-11,3239.701904296875,3455.0,3485.0,3435.0,3435.0,16000
2023-09-12,3272.520751953125,3490.0,3500.0,3485.0,3495.0,11500
2023-09-13,3141.244873046875,3350.0,3500.0,3325.0,3485.0,104500
2023-09-14,3202.1943359375,3415.0,3460.0,3405.0,3425.0,21500
2023-09-15,3211.571533203125,3425.0,3445.0,3405.0,3445.0,15900
2023-09-19,3220.9482421875,3435.0,3435.0,3415.0,3425.0,15600
2023-09-20,3150.62158203125,3360.0,3445.0,3360.0,3445.0,22200
2023-09-21,3150.62158203125,3360.0,3375.0,3340.0,3355.0,16800
2023-09-22,3159.99853515625,3370.0,3380.0,3330.0,3350.0,15800
2023-09-25,3155.310546875,3365.0,3390.0,3365.0,3390.0,8600
2023-09-26,3164.68701171875,3375.0,3390.0,3365.0,3365.0,13300
2023-09-27,3136.556396484375,3345.0,3365.0,3320.0,3365.0,22700
2023-09-28,3197.965087890625,3385.0,3445.0,3365.0,3365.0,26000
2023-09-29,3146.00390625,3330.0,3395.0,3330.0,3395.0,18100
2023-10-02,3122.38525390625,3305.0,3385.0,3290.0,3340.0,22800
2023-10-03,3131.83251953125,3315.0,3340.0,3275.0,3320.0,18500
2023-10-04,3089.319091796875,3270.0,3300.0,3250.0,3275.0,21900
2023-10-05,3122.38525390625,3305.0,3350.0,3280.0,3285.0,33100
2023-10-06,3150.7275390625,3335.0,3365.0,3245.0,3245.0,11600
2023-10-10,3131.83251953125,3315.0,3370.0,3315.0,3370.0,14700
2023-10-11,3141.2802734375,3325.0,3355.0,3315.0,3335.0,14100
2023-10-12,3207.412353515625,3395.0,3395.0,3325.0,3365.0,10200
2023-10-13,3193.240966796875,3380.0,3435.0,3340.0,3395.0,21500
2023-10-16,3141.2802734375,3325.0,3395.0,3320.0,3340.0,13900
2023-10-17,3231.031005859375,3420.0,3450.0,3360.0,3360.0,16200
2023-10-18,3320.78173828125,3515.0,3525.0,3430.0,3450.0,35000
2023-10-19,3268.821044921875,3460.0,3565.0,3460.0,3510.0,26300
2023-10-20,3301.886962890625,3495.0,3550.0,3470.0,3485.0,19100
2023-10-23,3311.334716796875,3505.0,3585.0,3505.0,3545.0,17200
2023-10-24,3306.61083984375,3500.0,3570.0,3480.0,3540.0,27600
2023-10-25,3301.886962890625,3495.0,3530.0,3475.0,3500.0,14300
2023-10-26,3245.202392578125,3435.0,3470.0,3405.0,3445.0,13100
2023-10-27,3311.334716796875,3505.0,3505.0,3435.0,3435.0,22400
2023-10-30,3254.649658203125,3445.0,3520.0,3420.0,3515.0,13200
2023-10-31,3297.1630859375,3490.0,3530.0,3440.0,3475.0,20800
2023-11-01,3344.400634765625,3540.0,3600.0,3520.0,3525.0,21900
2023-11-02,3316.05810546875,3510.0,3640.0,3510.0,3590.0,27100
2023-11-06,3386.9140625,3585.0,3630.0,3580.0,3590.0,20600
2023-11-07,3334.953125,3530.0,3625.0,3525.0,3585.0,14400
2023-11-08,3193.240966796875,3380.0,3510.0,3360.0,3510.0,29900
2023-11-09,3202.688720703125,3390.0,3410.0,3345.0,3380.0,30200
2023-11-10,3023.187255859375,3200.0,3265.0,3090.0,3250.0,49300
2023-11-13,2990.12109375,3165.0,3270.0,3155.0,3270.0,18500
2023-11-14,2952.3310546875,3125.0,3205.0,3115.0,3205.0,22600
2023-11-15,3004.2919921875,3180.0,3200.0,3130.0,3185.0,18100
2023-11-16,2980.67333984375,3155.0,3195.0,3145.0,3190.0,10700
2023-11-17,3056.2529296875,3235.0,3235.0,3150.0,3155.0,25000
2023-11-20,3018.463134765625,3195.0,3235.0,3180.0,3235.0,14800
2023-11-21,3037.35791015625,3215.0,3235.0,3200.0,3215.0,12800
2023-11-22,3122.38525390625,3305.0,3325.0,3230.0,3235.0,16200
2023-11-24,3103.490234375,3285.0,3395.0,3285.0,3360.0,22900
2023-11-27,3112.93798828125,3295.0,3355.0,3285.0,3315.0,12200
2023-11-28,3051.529296875,3230.0,3290.0,3210.0,3290.0,11300
2023-11-29,3065.700439453125,3245.0,3255.0,3205.0,3205.0,8300
2023-11-30,3079.871826171875,3260.0,3265.0,3200.0,3230.0,12600
2023-12-01,3042.081787109375,3220.0,3265.0,3220.0,3260.0,18800
2023-12-04,3051.529296875,3230.0,3260.0,3205.0,3235.0,35200
2023-12-05,3013.7392578125,3190.0,3230.0,3180.0,3230.0,14900
2023-12-06,3056.2529296875,3235.0,3250.0,3200.0,3200.0,10200
2023-12-07,3018.463134765625,3195.0,3235.0,3185.0,3235.0,16300
2023-12-08,2980.67333984375,3155.0,3210.0,3150.0,3195.0,34700
2023-12-11,3032.63427734375,3210.0,3225.0,3175.0,3225.0,29200
2023-12-12,3013.7392578125,3190.0,3225.0,3185.0,3225.0,26400
2023-12-13,3027.91064453125,3205.0,3220.0,3180.0,3220.0,19000
2023-12-14,3051.529296875,3230.0,3250.0,3215.0,3220.0,13500
2023-12-15,3060.9765625,3240.0,3240.0,3210.0,3210.0,17200
2023-12-18,3122.38525390625,3305.0,3320.0,3225.0,3250.0,24200
2023-12-19,3240.478271484375,3430.0,3430.0,3330.0,3330.0,32200
2023-12-20,3207.412353515625,3395.0,3485.0,3380.0,3485.0,24500
2023-12-21,3292.439453125,3485.0,3485.0,3385.0,3395.0,21200
2023-12-22,3325.505615234375,3520.0,3540.0,3485.0,3485.0,16600
2023-12-25,3287.7158203125,3480.0,3575.0,3465.0,3575.0,13600
2023-12-26,3231.031005859375,3420.0,3480.0,3410.0,3480.0,9100
2023-12-27,3259.373046875,3450.0,3465.0,3385.0,3420.0,16000
2023-12-28,3282.991943359375,3475.0,3500.0,3435.0,3460.0,8800
2023-12-29,3401.08544921875,3600.0,3600.0,3500.0,3500.0,24000
2024-01-04,3330.2294921875,3525.0,3600.0,3475.0,3600.0,16000
2024-01-05,3344.400634765625,3540.0,3575.0,3530.0,3565.0,13100
2024-01-09,3401.08544921875,3600.0,3620.0,3580.0,3580.0,13500
2024-01-10,3410.53271484375,3610.0,3635.0,3575.0,3605.0,22900
2024-01-11,3419.980224609375,3620.0,3650.0,3585.0,3615.0,20500
2024-01-12,3396.361572265625,3595.0,3655.0,3585.0,3650.0,9000
2024-01-15,3457.77001953125,3660.0,3660.0,3595.0,3595.0,2500
2024-01-16,3490.836181640625,3695.0,3735.0,3685.0,3705.0,10700
2024-01-17,3533.349853515625,3740.0,3830.0,3740.0,3750.0,15600
2024-01-18,3561.69189453125,3770.0,3835.0,3765.0,3765.0,9900
2024-01-19,3556.96826171875,3765.0,3835.0,3755.0,3770.0,9100
2024-01-22,3547.52099609375,3755.0,3790.0,3740.0,3780.0,6300
2024-01-23,3500.283447265625,3705.0,3775.0,3705.0,3770.0,11700
2024-01-24,3443.598876953125,3645.0,3735.0,3590.0,3705.0,19000
2024-01-25,3467.217529296875,3670.0,3680.0,3650.0,3670.0,7400
2024-01-26,3538.0732421875,3745.0,3770.0,3655.0,3655.0,16500
2024-01-29,3505.00732421875,3710.0,3770.0,3710.0,3770.0,4300
2024-01-30,3523.902099609375,3730.0,3745.0,3680.0,3745.0,9400
2024-01-31,3523.902099609375,3730.0,3740.0,3695.0,3730.0,10500
2024-02-01,3490.836181640625,3695.0,3730.0,3685.0,3725.0,9000
2024-02-02,3462.493896484375,3665.0,3700.0,3625.0,3700.0,12500
2024-02-05,3490.836181640625,3695.0,3710.0,3665.0,3670.0,6600
2024-02-06,3443.598876953125,3645.0,3695.0,3620.0,3695.0,12500
2024-02-07,3396.361572265625,3595.0,3635.0,3595.0,3600.0,10000
2024-02-08,3349.124267578125,3545.0,3580.0,3485.0,3580.0,16600
2024-02-09,3306.61083984375,3500.0,3585.0,3500.0,3545.0,14600
2024-02-13,3382.1904296875,3580.0,3580.0,3505.0,3550.0,27600
2024-02-14,3264.09716796875,3455.0,3530.0,3400.0,3440.0,28800
2024-02-15,3212.13623046875,3400.0,3475.0,3400.0,3475.0,12600
2024-02-16,3226.30712890625,3415.0,3465.0,3415.0,3445.0,18200
2024-02-19,3264.09716796875,3455.0,3500.0,3400.0,3405.0,18000
2024-02-20,3287.7158203125,3480.0,3530.0,3465.0,3500.0,13200
2024-02-21,3221.58349609375,3410.0,3490.0,3405.0,3480.0,17600
2024-02-22,3212.13623046875,3400.0,3460.0,3365.0,3460.0,23700
2024-02-26,3231.031005859375,3420.0,3475.0,3400.0,3415.0,22500
2024-02-27,3226.30712890625,3415.0,3450.0,3405.0,3450.0,29100
2024-02-28,3282.991943359375,3475.0,3505.0,3430.0,3430.0,54300
2024-02-29,3245.202392578125,3435.0,3470.0,3420.0,3465.0,45600
2024-03-01,3278.268310546875,3470.0,3475.0,3410.0,3435.0,41300
2024-03-04,3226.30712890625,3415.0,3480.0,3415.0,3480.0,51500
2024-03-05,3150.7275390625,3335.0,3400.0,3325.0,3400.0,58700
2024-03-06,3136.556396484375,3320.0,3360.0,3310.0,3315.0,47800
2024-03-07,3089.319091796875,3270.0,3345.0,3270.0,3335.0,106000
2024-03-08,3127.108642578125,3310.0,3335.0,3255.0,3255.0,84300
2024-03-11,3112.93798828125,3295.0,3335.0,3265.0,3295.0,82200
2024-03-12,3207.412353515625,3395.0,3395.0,3290.0,3295.0,42400
2024-03-13,3150.7275390625,3335.0,3425.0,3335.0,3400.0,34100
2024-03-14,3202.688720703125,3390.0,3395.0,3340.0,3375.0,23900
2024-03-15,3221.58349609375,3410.0,3425.0,3380.0,3405.0,27100
2024-03-18,3235.7548828125,3425.0,3435.0,3400.0,3420.0,18100
2024-03-19,3259.373046875,3450.0,3460.0,3405.0,3415.0,14300
2024-03-21,3278.268310546875,3470.0,3510.0,3470.0,3475.0,50000
2024-03-22,3325.505615234375,3520.0,3540.0,3480.0,3520.0,29400
2024-03-25,3344.400634765625,3540.0,3585.0,3515.0,3520.0,49900
2024-03-26,3377.466796875,3575.0,3600.0,3545.0,3545.0,30500
2024-03-27,3372.742919921875,3570.0,3600.0,3555.0,3570.0,155700
2024-03-28,3273.43115234375,3395.0,3490.0,3395.0,3480.0,82000
2024-03-29,3287.89404296875,3410.0,3445.0,3345.0,3445.0,11900
2024-04-01,3196.295654296875,3315.0,3440.0,3315.0,3410.0,17300
2024-04-02,3138.4443359375,3255.0,3325.0,3240.0,3315.0,20900
2024-04-03,3181.8330078125,3300.0,3300.0,3225.0,3240.0,13900
2024-04-04,3157.72802734375,3275.0,3340.0,3260.0,3300.0,16300
2024-04-05,3123.981201171875,3240.0,3280.0,3225.0,3270.0,19400
2024-04-08,3128.80224609375,3245.0,3295.0,3230.0,3230.0,14500
2024-04-09,3162.549072265625,3280.0,3295.0,3265.0,3285.0,11000
2024-04-10,3201.11669921875,3320.0,3340.0,3285.0,3300.0,11500
2024-04-11,3167.369873046875,3285.0,3305.0,3265.0,3295.0,11300
2024-04-12,3167.369873046875,3285.0,3315.0,3275.0,3315.0,14800
2024-04-15,3162.549072265625,3280.0,3305.0,3250.0,3290.0,13000
2024-04-16,3123.981201171875,3240.0,3290.0,3220.0,3290.0,14100
2024-04-17,3070.950927734375,3185.0,3280.0,3165.0,3280.0,14700
2024-04-18,3119.160400390625,3235.0,3245.0,3190.0,3190.0,5400
2024-04-19,3032.383056640625,3145.0,3225.0,3135.0,3220.0,19200
2024-04-22,3070.950927734375,3185.0,3185.0,3135.0,3145.0,13500
2024-04-23,3075.771728515625,3190.0,3220.0,3175.0,3185.0,6000
2024-04-24,3109.518798828125,3225.0,3245.0,3190.0,3190.0,11800
2024-04-25,3080.5927734375,3195.0,3245.0,3190.0,3245.0,8900
2024-04-26,3017.92041015625,3130.0,3190.0,3130.0,3165.0,16300
2024-04-30,3085.4140625,3200.0,3200.0,3150.0,3150.0,8100
2024-05-01,3037.2041015625,3150.0,3190.0,3120.0,3190.0,19900
2024-05-02,3013.099365234375,3125.0,3150.0,3105.0,3150.0,12100
2024-05-07,3109.518798828125,3225.0,3240.0,3155.0,3155.0,15800
2024-05-08,3066.1298828125,3180.0,3215.0,3155.0,3195.0,12900
2024-05-09,3066.1298828125,3180.0,3205.0,3155.0,3155.0,6700
2024-05-10,3157.72802734375,3275.0,3275.0,3200.0,3200.0,18200
2024-05-13,3191.474609375,3310.0,3345.0,3245.0,3275.0,16500
2024-05-14,3230.04248046875,3350.0,3370.0,3285.0,3295.0,19000
2024-05-15,2964.8896484375,3075.0,3200.0,3050.0,3150.0,44900
2024-05-16,2902.21728515625,3010.0,3085.0,3010.0,3075.0,16200
2024-05-17,2940.784912109375,3050.0,3070.0,3000.0,3010.0,10800
2024-05-20,2955.247802734375,3065.0,3085.0,3015.0,3055.0,11300
2024-05-21,2916.68017578125,3025.0,3080.0,3005.0,3060.0,12700
2024-05-22,2916.68017578125,3025.0,3065.0,3015.0,3065.0,11200
2024-05-23,2911.859375,3020.0,3045.0,2976.0,3030.0,14300
2024-05-24,2902.21728515625,3010.0,3050.0,3005.0,3010.0,5600
2024-05-27,2960.06884765625,3070.0,3070.0,3020.0,3030.0,9100
2024-05-28,2926.322021484375,3035.0,3070.0,3020.0,3065.0,10000
2024-05-29,2884.86181640625,2992.0,3040.0,2988.0,3035.0,7800
2024-05-30,2897.396240234375,3005.0,3010.0,2980.0,2980.0,10800
2024-05-31,2935.964111328125,3045.0,3045.0,2998.0,3025.0,7700
2024-06-03,2940.784912109375,3050.0,3080.0,3040.0,3055.0,6500
2024-06-04,2955.247802734375,3065.0,3100.0,3060.0,3065.0,14000
2024-06-05,2950.427001953125,3060.0,3090.0,3050.0,3065.0,6400
2024-06-06,2935.964111328125,3045.0,3065.0,3030.0,3065.0,3800
2024-06-07,2921.5009765625,3030.0,3040.0,3015.0,3035.0,5900
2024-06-10,2926.322021484375,3035.0,3055.0,3030.0,3030.0,4600
2024-06-11,2935.964111328125,3045.0,3055.0,3035.0,3035.0,3800
2024-06-12,2907.038330078125,3015.0,3070.0,3015.0,3035.0,6300
2024-06-13,2882.933349609375,2990.0,3060.0,2980.0,3040.0,15700
2024-06-14,2931.14306640625,3040.0,3050.0,2978.0,2978.0,20500
2024-06-17,2907.038330078125,3015.0,3040.0,2996.0,3040.0,6600
2024-06-18,2969.710693359375,3080.0,3085.0,3030.0,3040.0,6300
2024-06-19,2988.994384765625,3100.0,3100.0,3070.0,3075.0,5500
2024-06-20,3032.383056640625,3145.0,3155.0,3100.0,3110.0,11500
2024-06-21,3013.099365234375,3125.0,3175.0,3125.0,3125.0,13400
2024-06-24,2998.636474609375,3110.0,3165.0,3105.0,3155.0,13900
2024-06-25,3032.383056640625,3145.0,3145.0,3110.0,3110.0,12000
2024-06-26,3008.2783203125,3120.0,3155.0,3105.0,3150.0,10600
2024-06-27,3008.2783203125,3120.0,3145.0,3085.0,3120.0,12200
2024-06-28,2950.427001953125,3060.0,3130.0,3050.0,3130.0,13300
2024-07-01,2988.994384765625,3100.0,3120.0,3080.0,3100.0,10400
2024-07-02,2988.994384765625,3100.0,3115.0,3080.0,3100.0,11400
2024-07-03,2993.8154296875,3105.0,3120.0,3090.0,3090.0,9100
2024-07-04,3046.84619140625,3160.0,3160.0,3110.0,3110.0,8300
2024-07-05,3008.2783203125,3120.0,3165.0,3110.0,3160.0,7700
2024-07-08,2964.8896484375,3075.0,3120.0,3065.0,3120.0,13200
2024-07-09,3032.383056640625,3145.0,3150.0,3080.0,3080.0,22100
2024-07-10,3032.383056640625,3145.0,3165.0,3125.0,3125.0,14400
2024-07-11,3070.950927734375,3185.0,3195.0,3150.0,3160.0,17100
2024-07-12,3080.5927734375,3195.0,3220.0,3160.0,3185.0,12700
2024-07-16,3095.0556640625,3210.0,3335.0,3210.0,3335.0,16600
2024-07-17,3148.086181640625,3265.0,3265.0,3220.0,3235.0,9400
2024-07-18,3123.981201171875,3240.0,3270.0,3240.0,3240.0,7700
2024-07-19,3090.234619140625,3205.0,3245.0,3205.0,3240.0,9500
2024-07-22,3027.562255859375,3140.0,3220.0,3140.0,3200.0,16000
2024-07-23,3070.950927734375,3185.0,3215.0,3155.0,3200.0,14700
2024-07-24,3013.099365234375,3125.0,3195.0,3120.0,3165.0,12800
2024-07-25,2974.53173828125,3085.0,3165.0,3085.0,3155.0,27900
2024-07-26,2935.964111328125,3045.0,3100.0,3040.0,3085.0,10400
2024-07-29,3008.2783203125,3120.0,3120.0,3050.0,3050.0,9000
2024-07-30,2931.14306640625,3040.0,3080.0,3015.0,3080.0,21100
2024-07-31,2984.173828125,3095.0,3095.0,2967.0,3015.0,23500
2024-08-01,2858.82861328125,2965.0,3060.0,2965.0,3025.0,21200
2024-08-02,2745.05419921875,2847.0,2940.0,2847.0,2915.0,26500
2024-08-05,2480.865478515625,2573.0,2797.0,2540.0,2797.0,37200
2024-08-06,2646.70654296875,2745.0,2776.0,2673.0,2673.0,21000
2024-08-07,2606.21044921875,2703.0,2799.0,2659.0,2745.0,16300
2024-08-08,2609.102783203125,2706.0,2750.0,2651.0,2680.0,24300
2024-08-09,2603.31787109375,2700.0,2765.0,2670.0,2756.0,20100
2024-08-13,2731.55517578125,2833.0,2852.0,2704.0,2704.0,16400
2024-08-14,2675.63232421875,2775.0,2848.0,2731.0,2733.0,20600
2024-08-15,2628.386962890625,2726.0,2775.0,2722.0,2775.0,20800
2024-08-16,2678.52490234375,2778.0,2778.0,2735.0,2750.0,12000
2024-08-19,2630.315185546875,2728.0,2776.0,2718.0,2776.0,16700
2024-08-20,2638.02880859375,2736.0,2744.0,2696.0,2744.0,16700
2024-08-21,2584.998046875,2681.0,2712.0,2675.0,2701.0,19600
2024-08-22,2643.81396484375,2742.0,2742.0,2653.0,2681.0,16000
2024-08-23,2690.094970703125,2790.0,2818.0,2735.0,2742.0,11800
2024-08-26,2631.279541015625,2729.0,2785.0,2725.0,2785.0,13700
2024-08-27,2656.34814453125,2755.0,2761.0,2710.0,2729.0,10200
2024-08-28,2639.95703125,2738.0,2755.0,2725.0,2755.0,5400
2024-08-29,2634.172119140625,2732.0,2740.0,2703.0,2738.0,5400
2024-08-30,2655.38427734375,2754.0,2765.0,2730.0,2755.0,4900
2024-09-02,2662.1337890625,2761.0,2770.0,2733.0,2762.0,8000
2024-09-03,2697.80859375,2798.0,2798.0,2760.0,2761.0,5600
2024-09-04,2631.279541015625,2729.0,2770.0,2720.0,2737.0,13300
2024-09-05,2653.455810546875,2752.0,2781.0,2729.0,2729.0,11700
2024-09-06,2660.205078125,2759.0,2759.0,2731.0,2755.0,7600
2024-09-09,2635.13623046875,2733.0,2733.0,2703.0,2720.0,9700
2024-09-10,2589.819091796875,2686.0,2750.0,2685.0,2750.0,14400
2024-09-11,2526.182373046875,2620.0,2686.0,2608.0,2686.0,22400
2024-09-12,2521.361328125,2615.0,2656.0,2593.0,2623.0,17800
2024-09-13,2476.044677734375,2568.0,2634.0,2568.0,2616.0,20400
2024-09-17,2498.220947265625,2591.0,2608.0,2562.0,2568.0,16200
2024-09-18,2502.07763671875,2595.0,2612.0,2558.0,2603.0,17800
2024-09-19,2566.6787109375,2662.0,2701.0,2525.0,2558.0,91500
2024-09-20,2672.73974609375,2772.0,2797.0,2719.0,2750.0,42100
2024-09-24,2747.946533203125,2850.0,2880.0,2791.0,2820.0,29900
2024-09-25,2762.409423828125,2865.0,2875.0,2833.0,2843.0,14100
2024-09-26,2817.368408203125,2922.0,2922.0,2860.0,2893.0,22600
2024-09-27,2795.97314453125,2875.0,2928.0,2851.0,2928.0,14100
2024-09-30,2719.144775390625,2796.0,2865.0,2796.0,2850.0,13200
2024-10-01,2810.560791015625,2890.0,2918.0,2782.0,2834.0,19000
2024-10-02,2789.16552734375,2868.0,2920.0,2854.0,2854.0,12300
2024-10-03,2816.39599609375,2896.0,2935.0,2896.0,2919.0,8400
2024-10-04,2842.65380859375,2923.0,2940.0,2920.0,2920.0,7300
2024-10-07,2884.471923828125,2966.0,2978.0,2934.0,2939.0,9300
2024-10-08,2847.516357421875,2928.0,2977.0,2920.0,2938.0,6200
2024-10-09,2859.1865234375,2940.0,2968.0,2916.0,2968.0,8500
2024-10-10,2866.966552734375,2948.0,2950.0,2903.0,2940.0,7300
2024-10-11,2823.203369140625,2903.0,2945.0,2903.0,2938.0,4800
2024-10-15,2835.84619140625,2916.0,2939.0,2906.0,2923.0,5200
2024-10-16,2825.1484375,2905.0,2949.0,2903.0,2903.0,7200
2024-10-17,2823.203369140625,2903.0,2929.0,2903.0,2905.0,4300
2024-10-18,2823.203369140625,2903.0,2927.0,2903.0,2921.0,5000
2024-10-21,2793.0556640625,2872.0,2917.0,2862.0,2903.0,6600
2024-10-22,2737.62255859375,2815.0,2872.0,2815.0,2872.0,8600
2024-10-23,2713.3095703125,2790.0,2832.0,2789.0,2816.0,5400
2024-10-24,2732.759765625,2810.0,2820.0,2770.0,2780.0,9200
2024-10-25,2688.0244140625,2764.0,2810.0,2753.0,2810.0,9400
2024-10-28,2781.38525390625,2860.0,2883.0,2764.0,2764.0,6200
2024-10-29,2820.285888671875,2900.0,2910.0,2853.0,2860.0,10700
2024-10-30,2781.38525390625,2860.0,2908.0,2860.0,2874.0,17600
2024-10-31,2811.533447265625,2891.0,2906.0,2851.0,2860.0,5900
2024-11-01,2793.0556640625,2872.0,2906.0,2832.0,2858.0,5100
2024-11-05,2761.935302734375,2840.0,2874.0,2835.0,2874.0,6600
2024-11-06,2776.522705078125,2855.0,2868.0,2830.0,2840.0,4900
2024-11-07,2822.23095703125,2902.0,2914.0,2838.0,2838.0,6200
2024-11-08,2808.61572265625,2888.0,2922.0,2850.0,2900.0,5500
2024-11-11,2772.6328125,2851.0,2882.0,2851.0,2882.0,4400
2024-11-12,2809.588134765625,2889.0,2944.0,2876.0,2892.0,9500
2024-11-13,2737.62255859375,2815.0,2888.0,2788.0,2888.0,13100
2024-11-14,2674.4091796875,2750.0,2862.0,2750.0,2845.0,12100
2024-11-15,2707.474365234375,2784.0,2800.0,2754.0,2800.0,6900
2024-11-18,2669.546630859375,2745.0,2803.0,2726.0,2787.0,8300
2024-11-19,2674.4091796875,2750.0,2788.0,2750.0,2750.0,4800
2024-11-20,2673.4365234375,2749.0,2790.0,2749.0,2768.0,3900
2024-11-21,2717.19970703125,2794.0,2797.0,2766.0,2767.0,4500
2024-11-22,2711.364501953125,2788.0,2799.0,2769.0,2797.0,4800
2024-11-25,2666.629150390625,2742.0,2810.0,2742.0,2798.0,9000
2024-11-26,2646.206298828125,2721.0,2749.0,2720.0,2742.0,5400
2024-11-27,2608.278076171875,2682.0,2730.0,2682.0,2721.0,8700
2024-11-28,2618.975830078125,2693.0,2709.0,2666.0,2681.0,6400
2024-11-29,2591.74560546875,2665.0,2704.0,2665.0,2704.0,5700
2024-12-02,2602.443115234375,2676.0,2680.0,2665.0,2665.0,4100
2024-12-03,2586.8828125,2660.0,2705.0,2660.0,2700.0,9700
2024-12-04,2533.394775390625,2605.0,2660.0,2605.0,2660.0,12700
2024-12-05,2613.140625,2687.0,2689.0,2605.0,2605.0,11100
2024-12-06,2648.151123046875,2723.0,2748.0,2689.0,2689.0,8200
2024-12-09,2718.172119140625,2795.0,2808.0,2752.0,2784.0,18600
2024-12-10,2685.106689453125,2761.0,2795.0,2761.0,2784.0,5400
2024-12-11,2622.865966796875,2697.0,2761.0,2697.0,2761.0,11200
2024-12-12,2631.618408203125,2706.0,2734.0,2697.0,2697.0,10500
2024-12-13,2605.360595703125,2679.0,2702.0,2678.0,2685.0,11000
2024-12-16,2569.377685546875,2642.0,2678.0,2634.0,2678.0,9800
2024-12-17,2550.89990234375,2623.0,2648.0,2622.0,2642.0,10500
2024-12-18,2549.927490234375,2622.0,2644.0,2616.0,2640.0,6000
2024-12-19,2561.597412109375,2634.0,2646.0,2615.0,2622.0,3400
2024-12-20,2551.87255859375,2624.0,2661.0,2624.0,2661.0,7800
2024-12-23,2577.15771484375,2650.0,2655.0,2629.0,2631.0,7500
2024-12-24,2609.250732421875,2683.0,2683.0,2640.0,2660.0,11000
2024-12-25,2648.151123046875,2723.0,2733.0,2673.0,2733.0,9600
2024-12-26,2653.986328125,2729.0,2732.0,2698.0,2698.0,10200
2024-12-27,2704.556884765625,2781.0,2781.0,2723.0,2723.0,7600
2024-12-30,2683.16162109375,2759.0,2819.0,2759.0,2818.0,7500
2025-01-06,2654.958740234375,2730.0,2814.0,2730.0,2798.0,10700
2025-01-07,2642.316162109375,2717.0,2762.0,2702.0,2762.0,9100
2025-01-08,2642.316162109375,2717.0,2726.0,2687.0,2717.0,7700
2025-01-09,2609.250732421875,2683.0,2711.0,2683.0,2711.0,8300
2025-01-10,2617.031005859375,2691.0,2709.0,2683.0,2683.0,3200
2025-01-14,2612.168212890625,2686.0,2723.0,2679.0,2686.0,8600
2025-01-15,2698.721923828125,2775.0,2808.0,2686.0,2686.0,15000
2025-01-16,2685.106689453125,2761.0,2875.0,2761.0,2776.0,9200
2025-01-17,2667.6015625,2743.0,2774.0,2736.0,2769.0,5900
2025-01-20,2709.41943359375,2786.0,2786.0,2751.0,2751.0,3500
2025-01-21,2653.986328125,2729.0,2800.0,2686.0,2800.0,10900
2025-01-22,2676.35400390625,2752.0,2774.0,2730.0,2737.0,3400
2025-01-23,2661.766357421875,2737.0,2752.0,2715.0,2752.0,5600
2025-01-24,2676.35400390625,2752.0,2763.0,2723.0,2746.0,7700
2025-01-27,2693.859375,2770.0,2781.0,2753.0,2778.0,4700
2025-01-28,2725.9521484375,2803.0,2820.0,2740.0,2740.0,5200
2025-01-29,2714.2822265625,2791.0,2823.0,2791.0,2818.0,6500
2025-01-30,2725.9521484375,2803.0,2803.0,2777.0,2781.0,9300
2025-01-31,2709.41943359375,2786.0,2827.0,2763.0,2811.0,7000
2025-02-03,2638.42626953125,2713.0,2782.0,2713.0,2782.0,17600
2025-02-04,2616.058349609375,2690.0,2749.0,2686.0,2732.0,15800
2025-02-05,2632.591064453125,2707.0,2707.0,2665.0,2694.0,14600
2025-02-06,2618.00341796875,2692.0,2700.0,2667.0,2693.0,11100
2025-02-07,2612.168212890625,2686.0,2696.0,2667.0,2684.0,7800
2025-02-10,2628.700927734375,2703.0,2708.0,2675.0,2693.0,6100
2025-02-12,2669.546630859375,2745.0,2745.0,2705.0,2710.0,8500
2025-02-13,2707.474365234375,2784.0,2790.0,2749.0,2753.0,8400
2025-02-14,2649.123779296875,2724.0,2784.0,2708.0,2784.0,9500
2025-02-17,2692.886962890625,2769.0,2772.0,2745.0,2745.0,7300
2025-02-18,2688.996826171875,2765.0,2790.0,2765.0,2790.0,5900
2025-02-19,2686.0791015625,2762.0,2788.0,2750.0,2773.0,6600
2025-02-20,2685.106689453125,2761.0,2795.0,2750.0,2768.0,8400
2025-02-21,2664.68408203125,2740.0,2758.0,2723.0,2742.0,12800
2025-02-25,2672.464111328125,2748.0,2759.0,2709.0,2709.0,21900
2025-02-26,2624.81103515625,2699.0,2715.0,2693.0,2710.0,30800
2025-02-27,2650.09619140625,2725.0,2738.0,2692.0,2692.0,67300
2025-02-28,2692.886962890625,2769.0,2775.0,2716.0,2730.0,73400
2025-03-03,2790.13818359375,2869.0,2929.0,2807.0,2819.0,97100
2025-03-04,2755.12744140625,2833.0,2872.0,2833.0,2854.0,55600
2025-03-05,2798.890625,2878.0,2910.0,2833.0,2833.0,31300
2025-03-06,2893.224365234375,2975.0,2991.0,2898.0,2898.0,38800
2025-03-07,2852.378662109375,2933.0,2951.0,2904.0,2907.0,55900
2025-03-10,2801.80810546875,2881.0,2927.0,2881.0,2917.0,32900
2025-03-11,2781.38525390625,2860.0,2889.0,2849.0,2850.0,12000
2025-03-12,2819.3134765625,2899.0,2917.0,2844.0,2844.0,19000
2025-03-13,2819.3134765625,2899.0,2920.0,2886.0,2917.0,8800
2025-03-14,2810.560791015625,2890.0,2920.0,2880.0,2897.0,13000
2025-03-17,2851.40625,2932.0,2949.0,2893.0,2907.0,26100
2025-03-18,2897.1142578125,2979.0,2990.0,2933.0,2950.0,16500
2025-03-19,2874.74658203125,2956.0,2973.0,2951.0,2965.0,9200
2025-03-21,2896.141845703125,2978.0,2991.0,2950.0,2955.0,15900
2025-03-24,2859.1865234375,2940.0,3045.0,2940.0,3010.0,41500
2025-03-25,2840.708740234375,2921.0,2979.0,2918.0,2934.0,23500
2025-03-26,2903.921875,2986.0,2999.0,2928.0,2928.0,26800
2025-03-27,2901.976806640625,2984.0,3010.0,2958.0,2960.0,153900
2025-03-28,2768.08544921875,2791.0,2901.0,2784.0,2901.0,116500
2025-03-31,2728.413818359375,2751.0,2790.0,2749.0,2790.0,16500
2025-04-01,2731.38916015625,2754.0,2779.0,2745.0,2764.0,9900
2025-04-02,2675.848876953125,2698.0,2777.0,2693.0,2777.0,12400
2025-04-03,2644.111572265625,2666.0,2668.0,2595.0,2601.0,14100
2025-04-04,2532.039306640625,2553.0,2650.0,2510.0,2618.0,27900
2025-04-07,2340.6240234375,2360.0,2450.0,2348.0,2400.0,27600
2025-04-08,2462.614013671875,2483.0,2555.0,2443.0,2472.0,18100
2025-04-09,2345.5830078125,2365.0,2438.0,2346.0,2438.0,26000
2025-04-10,2534.02294921875,2555.0,2555.0,2480.0,2534.0,10900
2025-04-11,2520.137939453125,2541.0,2550.0,2431.0,2525.0,10400
2025-04-14,2578.653564453125,2600.0,2624.0,2562.0,2586.0,15500
2025-04-15,2594.522216796875,2616.0,2670.0,2609.0,2623.0,12100
2025-04-16,2579.645263671875,2601.0,2623.0,2590.0,2618.0,8100
2025-04-17,2595.513916015625,2617.0,2620.0,2587.0,2601.0,6000
2025-04-18,2669.898193359375,2692.0,2698.0,2646.0,2667.0,11000
2025-04-21,2609.39892578125,2631.0,2703.0,2620.0,2697.0,19900
2025-04-22,2646.09521484375,2668.0,2679.0,2635.0,2679.0,8600
2025-04-23,2656.01318359375,2678.0,2720.0,2657.0,2718.0,18600
2025-04-24,2656.01318359375,2678.0,2695.0,2648.0,2695.0,11100
2025-04-25,2657.996826171875,2680.0,2699.0,2660.0,2699.0,9200
2025-04-28,2686.758544921875,2709.0,2724.0,2665.0,2724.0,14400
2025-04-30,2676.8408203125,2699.0,2719.0,2660.0,2719.0,6400
2025-05-01,2649.070556640625,2671.0,2700.0,2666.0,2690.0,7200
2025-05-02,2674.857177734375,2697.0,2755.0,2625.0,2672.0,33000
2025-05-07,2725.4384765625,2748.0,2791.0,2677.0,2682.0,45700
2025-05-08,2702.627197265625,2725.0,2746.0,2706.0,2741.0,13900
2025-05-09,2766.101806640625,2789.0,2825.0,2725.0,2725.0,35600
2025-05-12,2739.323486328125,2762.0,2877.0,2731.0,2792.0,78600
2025-05-13,2722.463134765625,2745.0,2790.0,2743.0,2790.0,8800
2025-05-14,2815.69140625,2839.0,2869.0,2761.0,2795.0,24800
2025-05-15,2833.54345703125,2857.0,2857.0,2803.0,2839.0,11100
2025-05-16,2825.609130859375,2849.0,2877.0,2831.0,2877.0,6800
2025-05-19,2878.174072265625,2902.0,2918.0,2837.0,2837.0,11700
2025-05-20,2855.36279296875,2879.0,2922.0,2879.0,2910.0,11200
2025-05-21,2879.165771484375,2903.0,2918.0,2873.0,2879.0,7600
2025-05-22,2894.042724609375,2918.0,2944.0,2889.0,2901.0,12100
2025-05-23,2949.5830078125,2974.0,2974.0,2936.0,2936.0,14100
2025-05-26,3000.164306640625,3025.0,3035.0,2940.0,2980.0,25900
2025-05-27,3000.164306640625,3025.0,3045.0,2995.0,3025.0,9100
2025-05-28,2985.287353515625,3010.0,3075.0,2979.0,3040.0,18200
2025-05-29,2975.369384765625,3000.0,3020.0,2965.0,3010.0,16200
2025-05-30,3010.08203125,3035.0,3040.0,2960.0,2964.0,9900
2025-06-02,2963.468017578125,2988.0,3040.0,2971.0,3000.0,8900
2025-06-03,2957.517333984375,2982.0,3065.0,2973.0,2988.0,16600
2025-06-04,2958.509033203125,2983.0,3015.0,2951.0,2990.0,8600
2025-06-05,2969.418701171875,2994.0,3010.0,2961.0,2979.0,8900
2025-06-06,2985.287353515625,3010.0,3010.0,2983.0,2994.0,5200
2025-06-09,2956.525390625,2981.0,3035.0,2975.0,3015.0,7000
2025-06-10,2893.05078125,2917.0,3000.0,2904.0,2997.0,11400
2025-06-11,2913.87841796875,2938.0,2950.0,2915.0,2928.0,5700
2025-06-12,2853.37939453125,2877.0,2924.0,2853.0,2924.0,13800
2025-06-13,2812.7158203125,2836.0,2870.0,2828.0,2869.0,15700
2025-06-16,2824.617431640625,2848.0,2859.0,2820.0,2849.0,7700
2025-06-17,2807.757080078125,2831.0,2858.0,2820.0,2832.0,6300
2025-06-18,2851.395751953125,2875.0,2875.0,2831.0,2832.0,7400
2025-06-19,2841.477783203125,2865.0,2912.0,2859.0,2897.0,8800
2025-06-20,2830.568115234375,2854.0,2900.0,2841.0,2866.0,17100
2025-06-23,2852.387451171875,2876.0,2913.0,2859.0,2875.0,7500
2025-06-24,2884.124755859375,2908.0,2922.0,2880.0,2914.0,11200
2025-06-25,2889.083740234375,2913.0,2965.0,2876.0,2922.0,14800
2025-06-26,2898.009765625,2922.0,2968.0,2892.0,2920.0,8200
2025-06-27,2910.903076171875,2935.0,2945.0,2910.0,2943.0,10200
2025-06-30,2928.75537109375,2953.0,2999.0,2938.0,2948.0,8100
2025-07-01,2906.93603515625,2931.0,2981.0,2931.0,2981.0,10300
2025-07-02,2909.911376953125,2934.0,2970.0,2918.0,2930.0,12800
2025-07-03,2914.870361328125,2939.0,2970.0,2923.0,2945.0,8600
2025-07-04,2935.69775390625,2960.0,3030.0,2947.0,2950.0,16800
2025-07-07,2923.79638671875,2948.0,3000.0,2910.0,3000.0,18200
2025-07-08,2907.927734375,2932.0,2943.0,2914.0,2923.0,10100
2025-07-09,2889.083740234375,2913.0,2951.0,2913.0,2932.0,4500
2025-07-10,2865.28076171875,2889.0,2926.0,2885.0,2926.0,13800
2025-07-11,2885.11669921875,2909.0,2940.0,2893.0,2896.0,10900
2025-07-14,2865.28076171875,2889.0,2913.0,2887.0,2909.0,5600
2025-07-15,2866.2724609375,2890.0,2901.0,2887.0,2889.0,3400
2025-07-16,2845.445068359375,2869.0,2901.0,2866.0,2890.0,7600
2025-07-17,2865.28076171875,2889.0,2891.0,2866.0,2866.0,4300
2025-07-18,2822.6337890625,2846.0,2887.0,2846.0,2874.0,12700
2025-07-22,2834.535400390625,2858.0,2864.0,2830.0,2853.0,6700
2025-07-23,2892.05908203125,2916.0,2926.0,2859.0,2897.0,19900
2025-07-24,2908.91943359375,2933.0,2960.0,2923.0,2948.0,10900
2025-07-25,2884.124755859375,2908.0,2983.0,2898.0,2983.0,18000
2025-07-28,2858.338134765625,2882.0,2905.0,2861.0,2905.0,19900
2025-07-29,2830.568115234375,2854.0,2886.0,2854.0,2868.0,13500
2025-07-30,2844.453125,2868.0,2878.0,2854.0,2870.0,19200
2025-07-31,2879.165771484375,2903.0,2903.0,2872.0,2890.0,9600
2025-08-01,2950.57470703125,2975.0,2975.0,2903.0,2903.0,11400
2025-08-04,2897.01806640625,2921.0,2936.0,2897.0,2925.0,15600
2025-08-05,2908.91943359375,2933.0,2964.0,2924.0,2939.0,7800
2025-08-06,2923.79638671875,2948.0,2970.0,2920.0,2955.0,23900
2025-08-07,2895.034423828125,2919.0,2949.0,2917.0,2940.0,19500
2025-08-08,2935.69775390625,2960.0,2960.0,2920.0,2920.0,15700
2025-08-12,2956.525390625,2981.0,2998.0,2948.0,2970.0,31900
2025-08-13,2862.305419921875,2886.0,2887.0,2788.0,2818.0,89700
2025-08-14,2876.1904296875,2900.0,2900.0,2851.0,2880.0,27100
2025-08-15,2823.625732421875,2847.0,2900.0,2843.0,2900.0,35900
2025-08-18,2798.830810546875,2822.0,2867.0,2815.0,2867.0,42300
2025-08-19,2834.535400390625,2858.0,2871.0,2812.0,2822.0,30700
2025-08-20,2856.354736328125,2880.0,2890.0,2841.0,2850.0,28100
2025-08-21,2879.165771484375,2903.0,2910.0,2860.0,2870.0,26200
2025-08-22,2886.1083984375,2910.0,2935.0,2907.0,2912.0,17900
2025-08-25,2883.133056640625,2907.0,2911.0,2886.0,2910.0,17200
2025-08-26,2920.821044921875,2945.0,2969.0,2907.0,2907.0,23800
2025-08-27,2886.1083984375,2910.0,2940.0,2904.0,2940.0,21300
2025-08-28,2850.404052734375,2874.0,2914.0,2868.0,2902.0,15300
2025-08-29,2853.37939453125,2877.0,2898.0,2868.0,2874.0,14200
2025-09-01,2874.206787109375,2898.0,2909.0,2875.0,2880.0,13200
2025-09-02,2888.092041015625,2912.0,2942.0,2897.0,2909.0,12900
2025-09-03,2882.14111328125,2906.0,2942.0,2887.0,2930.0,15400
2025-09-04,2899.001708984375,2923.0,2923.0,2880.0,2888.0,20400
2025-09-05,2899.001708984375,2923.0,2948.0,2923.0,2934.0,12400
2025-09-08,2946.607666015625,2971.0,2999.0,2935.0,2949.0,20700
2025-09-09,2960.49267578125,2985.0,3035.0,2976.0,2994.0,21300
2025-09-10,2973.385986328125,2998.0,3005.0,2985.0,2985.0,9400
2025-09-11,2959.500732421875,2984.0,3020.0,2967.0,3010.0,20000
2025-09-12,3015.041015625,3040.0,3050.0,2969.0,2980.0,26300
2025-09-16,3020.0,3045.0,3055.0,3025.0,3040.0,14800
2025-09-17,2960.49267578125,2985.0,3020.0,2980.0,3005.0,12300
2025-09-18,3005.123046875,3030.0,3035.0,2989.0,2989.0,24800
2025-09-19,2970.410400390625,2995.0,3030.0,2961.0,3030.0,70600
2025-09-22,2969.418701171875,2994.0,3005.0,2982.0,2995.0,8600
2025-09-24,3010.08203125,3035.0,3040.0,2995.0,3020.0,13400
2025-09-25,3020.0,3045.0,3045.0,3020.0,3030.0,10300
2025-09-26,3020.0,3045.0,3045.0,3000.0,3030.0,20100
2025-09-29,3010.0,3010.0,3035.0,3005.0,3020.0,16000
2025-09-30,3015.0,3015.0,3035.0,3010.0,3010.0,9100
2025-10-01,3030.0,3030.0,3045.0,3005.0,3015.0,20600
2025-10-02,3060.0,3060.0,3085.0,3050.0,3070.0,15200
2025-10-03,3080.0,3080.0,3100.0,3055.0,3055.0,10300
2025-10-06,3130.0,3130.0,3130.0,3090.0,3120.0,12700
2025-10-07,3105.0,3105.0,3150.0,3105.0,3130.0,13400
2025-10-08,3070.0,3070.0,3135.0,3060.0,3105.0,7600
2025-10-09,3070.0,3070.0,3090.0,3055.0,3070.0,7400
2025-10-10,3045.0,3045.0,3080.0,3040.0,3070.0,16400
2025-10-14,2972.0,2972.0,3045.0,2958.0,3010.0,23600
2025-10-15,3020.0,3020.0,3025.0,2986.0,2993.0,10600
2025-10-16,3025.0,3025.0,3030.0,2996.0,3005.0,12900
2025-10-17,3025.0,3025.0,3050.0,3015.0,3040.0,8500
2025-10-20,2972.0,2972.0,3045.0,2968.0,3045.0,27100
2025-10-21,2937.0,2937.0,3000.0,2918.0,2982.0,57600
2025-10-22,2986.0,2986.0,2986.0,2932.0,2950.0,16300
2025-10-23,2986.0,2986.0,2987.0,2951.0,2965.0,7100
2025-10-24,3015.0,3015.0,3035.0,2998.0,3015.0,12600
2025-10-27,3100.0,3100.0,3100.0,3020.0,3020.0,17700
2025-10-28,3090.0,3090.0,3105.0,3060.0,3060.0,26700
2025-10-29,3070.0,3070.0,3090.0,3035.0,3090.0,18000
2025-10-30,3130.0,3130.0,3190.0,3080.0,3095.0,44100
2025-10-31,3140.0,3140.0,3160.0,3105.0,3125.0,14600
2025-11-04,3210.0,3210.0,3595.0,3135.0,3140.0,77900
2025-11-05,3225.0,3225.0,3265.0,3205.0,3210.0,27700
2025-11-06,3225.0,3225.0,3275.0,3170.0,3220.0,15700
2025-11-07,3225.0,3225.0,3240.0,3200.0,3205.0,8800
2025-11-10,3210.0,3210.0,3250.0,3210.0,3225.0,8300
2025-11-11,3220.0,3220.0,3225.0,3185.0,3200.0,10300
2025-11-12,2935.0,2935.0,2949.0,2872.0,2901.0,116700
2025-11-13,2841.0,2841.0,2935.0,2835.0,2935.0,58700
2025-11-14,2809.0,2809.0,2834.0,2800.0,2808.0,34100
2025-11-17,2766.0,2766.0,2849.0,2766.0,2828.0,34300
2025-11-18,2716.0,2716.0,2780.0,2711.0,2765.0,41300
2025-11-19,2688.0,2688.0,2720.0,2654.0,2715.0,51000
2025-11-20,2692.0,2692.0,2720.0,2681.0,2704.0,27500
2025-11-21,2757.0,2757.0,2757.0,2685.0,2685.0,19300
2025-11-25,2758.0,2758.0,2779.0,2753.0,2770.0,21300
2025-11-26,2807.0,2807.0,2807.0,2772.0,2780.0,17300
2025-11-27,2823.0,2823.0,2833.0,2785.0,2801.0,21800
2025-11-28,2811.0,2811.0,2823.0,2797.0,2823.0,19100
2025-12-01,2790.0,2790.0,2846.0,2790.0,2813.0,36700
2025-12-02,2793.0,2793.0,2800.0,2770.0,2798.0,19000
2025-12-03,2771.0,2771.0,2790.0,2771.0,2786.0,12400
2025-12-04,2783.0,2783.0,2783.0,2753.0,2770.0,19000
2025-12-05,2778.0,2778.0,2789.0,2758.0,2780.0,14300
2025-12-08,2810.0,2810.0,2819.0,2784.0,2797.0,23900
2025-12-09,2840.0,2840.0,2840.0,2810.0,2817.0,24100
2025-12-10,2843.0,2843.0,2860.0,2841.0,2848.0,23800
2025-12-11,2817.0,2817.0,2843.0,2788.0,2843.0,23400
2025-12-12,2848.0,2848.0,2849.0,2830.0,2842.0,21100
2025-12-15,2827.0,2827.0,2850.0,2820.0,2844.0,17300
2025-12-16,2789.0,2789.0,2827.0,2789.0,2827.0,19000
2025-12-17,2767.0,2767.0,2789.0,2766.0,2789.0,11600
2025-12-18,2818.0,2818.0,2818.0,2761.0,2768.0,14300
2025-12-19,2835.0,2835.0,2838.0,2800.0,2800.0,26000
2025-12-22,2804.0,2804.0,2849.0,2804.0,2845.0,15900
2025-12-23,2832.0,2832.0,2832.0,2805.0,2805.0,11300
2025-12-24,2849.0,2849.0,2876.0,2830.0,2839.0,28800
2025-12-25,2837.0,2837.0,2856.0,2829.0,2834.0,23400
2025-12-26,2867.0,2867.0,2868.0,2840.0,2840.0,22700
2025-12-29,2918.0,2918.0,2939.0,2867.0,2875.0,35500
2025-12-30,2912.0,2912.0,2922.0,2891.0,2913.0,16300
2026-01-05,2939.0,2939.0,2952.0,2902.0,2912.0,29300
2026-01-06,2981.0,2981.0,2990.0,2936.0,2939.0,18300
2026-01-07,3010.0,3010.0,3020.0,2969.0,2969.0,28500
2026-01-08,3000.0,3000.0,3030.0,2993.0,3025.0,23600
2026-01-09,2983.0,2983.0,3020.0,2979.0,2990.0,20000
2026-01-13,3020.0,3020.0,3030.0,2954.0,2999.0,30500
2026-01-14,3090.0,3090.0,3090.0,3020.0,3020.0,16500
2026-01-15,3095.0,3095.0,3095.0,3065.0,3090.0,16500
2026-01-16,3110.0,3110.0,3130.0,3080.0,3085.0,12600
2026-01-19,3085.0,3085.0,3115.0,3085.0,3100.0,11800
2026-01-20,2998.0,2998.0,3085.0,2989.0,3085.0,23800
2026-01-21,3000.0,3000.0,3000.0,2930.0,2965.0,25100
2026-01-22,3015.0,3015.0,3020.0,2991.0,3000.0,9800
2026-01-23,3060.0,3060.0,3065.0,3025.0,3030.0,12100
2026-01-26,3025.0,3025.0,3045.0,3015.0,3025.0,18000
2026-01-27,2999.0,2999.0,3035.0,2999.0,3020.0,12100
2026-01-28,2943.0,2943.0,2994.0,2943.0,2993.0,14800
2026-01-29,2938.0,2938.0,2945.0,2904.0,2936.0,24500
2026-01-30,2987.0,2987.0,2988.0,2938.0,2938.0,16400
2026-02-02,2972.0,2972.0,3035.0,2950.0,3020.0,15800
2026-02-03,2999.0,2999.0,3005.0,2971.0,2989.0,9500
2026-02-04,2976.0,2976.0,3010.0,2970.0,2999.0,14800
2026-02-05,2991.0,2991.0,3015.0,2970.0,2970.0,9700
2026-02-06,2979.0,2979.0,2986.0,2960.0,2971.0,9600
2026-02-09,3055.0,3055.0,3055.0,3005.0,3050.0,18300
2026-02-10,3065.0,3065.0,3110.0,3055.0,3055.0,15500
2026-02-12,3100.0,3100.0,3140.0,3030.0,3135.0,35000
2026-02-13,3060.0,3060.0,3105.0,3050.0,3105.0,15100
2026-02-16,3045.0,3045.0,3065.0,3030.0,3060.0,17000
2026-02-17,3045.0,3045.0,3100.0,3035.0,3060.0,16900
2026-02-18,3045.0,3045.0,3080.0,3035.0,3080.0,8300
2026-02-19,3145.0,3145.0,3165.0,3080.0,3100.0,38500
2026-02-20,3145.0,3145.0,3170.0,3130.0,3160.0,37200
2026-02-24,3200.0,3200.0,3230.0,3150.0,3175.0,31600
2026-02-25,3185.0,3185.0,3210.0,3180.0,3195.0,29100
2026-02-26,3130.0,3130.0,3200.0,3130.0,3185.0,59200
2026-02-27,3190.0,3190.0,3200.0,3105.0,3125.0,54600
2026-03-02,3245.0,3245.0,3270.0,3160.0,3170.0,80600
2026-03-03,3205.0,3205.0,3265.0,3205.0,3235.0,47500
2026-03-04,3035.0,3035.0,3150.0,3010.0,3150.0,45400
2026-03-05,3115.0,3115.0,3160.0,3100.0,3105.0,53700
2026-03-06,3095.0,3095.0,3145.0,3075.0,3095.0,64100
2026-03-09,3030.0,3030.0,3050.0,2951.0,2965.0,126900
2026-03-10,3080.0,3080.0,3105.0,3040.0,3095.0,36900
