version https://git-lfs.github.com/spec/v1
oid sha256:79b657191dccffe3cb1fd71975a893a547a21d5d7eac5e878e5f30e74620c757
size 364942
