version https://git-lfs.github.com/spec/v1
oid sha256:984765ec8dacb1a70dee79d09c39c2663f96d255f7f9eac9005dc6a1129eed05
size 77753
