version https://git-lfs.github.com/spec/v1
oid sha256:577668a8b314a0bfa2e46760d9c0a0cad3d1d514ddd9d4ec88294a12d0c35808
size 375740
