version https://git-lfs.github.com/spec/v1
oid sha256:e8cdaa8aecbace8579f8e3e95a7d577a0290755900084b5d712a707e356684bf
size 393210
