version https://git-lfs.github.com/spec/v1
oid sha256:45cd17f49a78f2605632fdc4da1549ac635757837bc2459ea4460b4843297592
size 86466
